<?xml version="1.0" encoding="utf-8"?>
<COLLADA xmlns="http://www.collada.org/2005/11/COLLADASchema" version="1.4.1">
  <asset>
    <contributor>
      <author>Mixamo</author>
      <authoring_tool>COLLADA Mixamo exporter</authoring_tool>
      <comments/>
    </contributor>
    <created>2024-10-27T18:29:01Z</created>
    <modified>2024-10-27T18:29:01Z</modified>
    <revision/>
    <title/>
    <unit meter="0.010000"/>
    <up_axis>Y_UP</up_axis>
  </asset>
  <library_animations>
    <animation id="mixamorig_Hips-anim" name="mixamorig_Hips">
      <source id="mixamorig_Hips-Matrix-animation-input">
        <float_array id="mixamorig_Hips-Matrix-animation-input-array" count="211">

0.000000 0.033333 0.066667 0.100000 0.133333 0.166667 0.200000 0.233333 0.266667 0.300000 0.333333 0.366667 0.400000 0.433333 0.466667 0.500000
0.533333 0.566667 0.600000 0.633333 0.666667 0.700000 0.733333 0.766667 0.800000 0.833333 0.866667 0.900000 0.933333 0.966667 1.000000 1.033333
1.066667 1.100000 1.133333 1.166667 1.200000 1.233333 1.266667 1.300000 1.333333 1.366667 1.400000 1.433333 1.466667 1.500000 1.533333 1.566667
1.600000 1.633333 1.666667 1.700000 1.733333 1.766667 1.800000 1.833333 1.866667 1.900000 1.933333 1.966667 2.000000 2.033333 2.066667 2.100000
2.133333 2.166667 2.200000 2.233333 2.266667 2.300000 2.333333 2.366667 2.400000 2.433333 2.466667 2.500000 2.533333 2.566667 2.600000 2.633333
2.666667 2.700000 2.733333 2.766667 2.800000 2.833333 2.866667 2.900000 2.933333 2.966667 3.000000 3.033333 3.066667 3.100000 3.133333 3.166667
3.200000 3.233333 3.266667 3.300000 3.333333 3.366667 3.400000 3.433333 3.466667 3.500000 3.533333 3.566667 3.600000 3.633333 3.666667 3.700000
3.733333 3.766667 3.800000 3.833333 3.866667 3.900000 3.933333 3.966667 4.000000 4.033333 4.066667 4.100000 4.133333 4.166667 4.200000 4.233333
4.266667 4.300000 4.333333 4.366667 4.400000 4.433333 4.466667 4.500000 4.533333 4.566667 4.600000 4.633333 4.666667 4.700000 4.733333 4.766667
4.800000 4.833333 4.866667 4.900000 4.933333 4.966667 5.000000 5.033333 5.066667 5.100000 5.133333 5.166667 5.200000 5.233333 5.266667 5.300000
5.333333 5.366667 5.400000 5.433333 5.466667 5.500000 5.533333 5.566667 5.600000 5.633333 5.666667 5.700000 5.733333 5.766667 5.800000 5.833333
5.866667 5.900000 5.933333 5.966667 6.000000 6.033333 6.066667 6.100000 6.133333 6.166667 6.200000 6.233333 6.266667 6.300000 6.333333 6.366667
6.400000 6.433333 6.466667 6.500000 6.533333 6.566667 6.600000 6.633333 6.666667 6.700000 6.733333 6.766667 6.800000 6.833333 6.866667 6.900000
6.933333 6.966667 7.000000</float_array>
        <technique_common>
          <accessor source="#mixamorig_Hips-Matrix-animation-input-array" count="211">
            <param name="TIME" type="float"/>
          </accessor>
        </technique_common>
      </source>
      <source id="mixamorig_Hips-Matrix-animation-output-transform">
        <float_array id="mixamorig_Hips-Matrix-animation-output-transform-array" count="3376">

0.989335 0.052691 0.135794 -0.722668 -0.057560 0.997823 0.032176 114.138931 -0.133803 -0.039649 0.990214 -1.700367 0.000000 0.000000 0.000000 1.000000
0.989335 0.052904 0.135710 -0.662362 -0.057792 0.997805 0.032328 114.143791 -0.133702 -0.039827 0.990221 -1.655841 0.000000 0.000000 0.000000 1.000000
0.989329 0.053098 0.135682 -0.594360 -0.058002 0.997789 0.032445 114.149521 -0.133659 -0.039968 0.990221 -1.602443 0.000000 0.000000 0.000000 1.000000
0.989309 0.053240 0.135768 -0.519968 -0.058158 0.997778 0.032516 114.152382 -0.133735 -0.040064 0.990207 -1.542562 0.000000 0.000000 0.000000 1.000000
0.989253 0.053319 0.136148 -0.434514 -0.058258 0.997771 0.032547 114.152122 -0.134110 -0.040129 0.990154 -1.476577 0.000000 0.000000 0.000000 1.000000
0.989133 0.053328 0.137009 -0.332185 -0.058307 0.997767 0.032579 114.148315 -0.134966 -0.040213 0.990034 -1.405521 0.000000 0.000000 0.000000 1.000000
0.988935 0.053335 0.138433 -0.206839 -0.058387 0.997759 0.032693 114.142006 -0.136379 -0.040414 0.989832 -1.328886 0.000000 0.000000 0.000000 1.000000
0.988653 0.053380 0.140411 -0.051727 -0.058557 0.997739 0.032999 114.132919 -0.138332 -0.040847 0.989543 -1.245808 0.000000 0.000000 0.000000 1.000000
0.988287 0.053425 0.142950 0.141633 -0.058788 0.997706 0.033553 114.119965 -0.140829 -0.041564 0.989161 -1.156774 0.000000 0.000000 0.000000 1.000000
0.987829 0.053394 0.146092 0.381644 -0.058998 0.997669 0.034300 114.103455 -0.143920 -0.042502 0.988676 -1.062397 0.000000 0.000000 0.000000 1.000000
0.987283 0.053231 0.149796 0.671731 -0.059124 0.997631 0.035163 114.084595 -0.147569 -0.043573 0.988092 -0.960917 0.000000 0.000000 0.000000 1.000000
0.986674 0.052930 0.153861 1.009190 -0.059156 0.997593 0.036167 114.063568 -0.151577 -0.044787 0.987430 -0.849202 0.000000 0.000000 0.000000 1.000000
0.986047 0.052480 0.157980 1.392092 -0.059080 0.997554 0.037371 114.038765 -0.155632 -0.046183 0.986735 -0.728132 0.000000 0.000000 0.000000 1.000000
0.985459 0.051789 0.161826 1.826902 -0.058774 0.997522 0.038678 114.009239 -0.159422 -0.047627 0.986061 -0.605625 0.000000 0.000000 0.000000 1.000000
0.984964 0.050781 0.165128 2.323769 -0.058108 0.997515 0.039849 113.976685 -0.162694 -0.048845 0.985467 -0.492048 0.000000 0.000000 0.000000 1.000000
0.984590 0.049556 0.167711 2.883080 -0.057151 0.997533 0.040761 113.943817 -0.165278 -0.049717 0.984993 -0.392658 0.000000 0.000000 0.000000 1.000000
0.984343 0.048368 0.169500 3.492647 -0.056175 0.997555 0.041570 113.910629 -0.167075 -0.050441 0.984653 -0.305769 0.000000 0.000000 0.000000 1.000000
0.984215 0.047377 0.170520 4.141392 -0.055388 0.997559 0.042528 113.874527 -0.168089 -0.051302 0.984436 -0.227616 0.000000 0.000000 0.000000 1.000000
0.984181 0.046516 0.170951 4.831060 -0.054742 0.997543 0.043722 113.833817 -0.168498 -0.052389 0.984309 -0.156837 0.000000 0.000000 0.000000 1.000000
0.984187 0.045632 0.171155 5.570220 -0.054095 0.997516 0.045112 113.790352 -0.168672 -0.053657 0.984211 -0.093127 0.000000 0.000000 0.000000 1.000000
0.984150 0.044654 0.171622 6.360682 -0.053414 0.997477 0.046765 113.745941 -0.169101 -0.055191 0.984052 -0.033775 0.000000 0.000000 0.000000 1.000000
0.983979 0.043489 0.172901 7.195987 -0.052671 0.997415 0.048878 113.697403 -0.170328 -0.057202 0.983726 0.025844 0.000000 0.000000 0.000000 1.000000
0.983577 0.041935 0.175547 8.070683 -0.051719 0.997331 0.051532 113.637619 -0.172918 -0.059765 0.983121 0.088795 0.000000 0.000000 0.000000 1.000000
0.982855 0.039909 0.180012 8.982623 -0.050488 0.997233 0.054570 113.565643 -0.177336 -0.062723 0.982150 0.155418 0.000000 0.000000 0.000000 1.000000
0.981742 0.037598 0.186465 9.924884 -0.049153 0.997121 0.057733 113.487526 -0.183758 -0.065844 0.980764 0.224581 0.000000 0.000000 0.000000 1.000000
0.980222 0.035210 0.194746 10.882702 -0.047900 0.996998 0.060838 113.406136 -0.192019 -0.068963 0.978965 0.295352 0.000000 0.000000 0.000000 1.000000
0.978297 0.032834 0.204591 11.842170 -0.046799 0.996865 0.063795 113.322556 -0.201855 -0.071985 0.976767 0.369432 0.000000 0.000000 0.000000 1.000000
0.975930 0.030395 0.215957 12.795675 -0.045761 0.996736 0.066512 113.237312 -0.213230 -0.074794 0.974135 0.449232 0.000000 0.000000 0.000000 1.000000
0.973007 0.027842 0.229090 13.737280 -0.044720 0.996627 0.068816 113.149551 -0.226401 -0.077203 0.970970 0.532241 0.000000 0.000000 0.000000 1.000000
0.969417 0.025251 0.244116 14.659039 -0.043710 0.996554 0.070496 113.058189 -0.241495 -0.079010 0.967180 0.606977 0.000000 0.000000 0.000000 1.000000
0.965228 0.022587 0.260431 15.555835 -0.042611 0.996530 0.071500 112.965210 -0.257912 -0.080111 0.962841 0.656311 0.000000 0.000000 0.000000 1.000000
0.960754 0.019497 0.276716 16.428045 -0.040972 0.996560 0.072036 112.878815 -0.274360 -0.080546 0.958248 0.666964 0.000000 0.000000 0.000000 1.000000
0.956351 0.015627 0.291803 17.273401 -0.038379 0.996636 0.072410 112.809662 -0.289690 -0.080449 0.953734 0.636441 0.000000 0.000000 0.000000 1.000000
0.952229 0.010974 0.305189 18.082834 -0.034820 0.996739 0.072800 112.765427 -0.303395 -0.079949 0.949505 0.570863 0.000000 0.000000 0.000000 1.000000
0.948561 0.005670 0.316545 18.854830 -0.030406 0.996849 0.073261 112.748856 -0.315132 -0.079117 0.945744 0.476431 0.000000 0.000000 0.000000 1.000000
0.945589 -0.000386 0.325362 19.610222 -0.024990 0.996959 0.073809 112.758820 -0.324401 -0.077924 0.942705 0.353573 0.000000 0.000000 0.000000 1.000000
0.943416 -0.007442 0.331528 20.379108 -0.018249 0.997068 0.074313 112.788452 -0.331109 -0.076158 0.940514 0.198687 0.000000 0.000000 0.000000 1.000000
0.941762 -0.015488 0.335922 21.172886 -0.010140 0.997177 0.074402 112.826988 -0.336126 -0.073475 0.938947 0.010185 0.000000 0.000000 0.000000 1.000000
0.940125 -0.024265 0.339966 21.978300 -0.000905 0.997281 0.073683 112.862885 -0.340829 -0.069579 0.937547 -0.208039 0.000000 0.000000 0.000000 1.000000
0.938163 -0.033501 0.344569 22.778811 0.009156 0.997360 0.072040 112.891426 -0.346072 -0.064430 0.935993 -0.445244 0.000000 0.000000 0.000000 1.000000
0.935921 -0.043047 0.349569 23.572138 0.019849 0.997372 0.069678 112.915283 -0.351650 -0.058274 0.934316 -0.685129 0.000000 0.000000 0.000000 1.000000
0.933731 -0.052724 0.354071 24.366148 0.030906 0.997274 0.066996 112.939339 -0.356639 -0.051613 0.932816 -0.912488 0.000000 0.000000 0.000000 1.000000
0.931940 -0.062207 0.357236 25.165764 0.041834 0.997041 0.064485 112.966232 -0.360191 -0.045152 0.931785 -1.121919 0.000000 0.000000 0.000000 1.000000
0.930684 -0.071231 0.358823 25.970524 0.052115 0.996672 0.062684 112.991058 -0.362094 -0.039639 0.931298 -1.318638 0.000000 0.000000 0.000000 1.000000
0.929898 -0.079851 0.359046 26.782326 0.061573 0.996170 0.062078 113.000084 -0.362628 -0.035619 0.931253 -1.509068 0.000000 0.000000 0.000000 1.000000
0.929573 -0.088457 0.357868 27.604277 0.070546 0.995528 0.062827 112.974052 -0.361825 -0.033156 0.931656 -1.694448 0.000000 0.000000 0.000000 1.000000
0.929996 -0.097422 0.354424 28.423943 0.079651 0.994739 0.064428 112.892029 -0.358836 -0.031688 0.932863 -1.877676 0.000000 0.000000 0.000000 1.000000
0.931649 -0.106600 0.347371 29.206898 0.089168 0.993838 0.065839 112.739166 -0.352249 -0.030364 0.935414 -2.070644 0.000000 0.000000 0.000000 1.000000
0.934709 -0.115161 0.336240 29.920393 0.098504 0.992929 0.066243 112.524612 -0.341491 -0.028797 0.939444 -2.282170 0.000000 0.000000 0.000000 1.000000
0.938630 -0.121977 0.322639 30.559200 0.106331 0.992154 0.065752 112.305321 -0.328127 -0.027410 0.944236 -2.495368 0.000000 0.000000 0.000000 1.000000
0.942408 -0.126182 0.309749 31.129814 0.111377 0.991644 0.065101 112.159012 -0.315375 -0.026853 0.948587 -2.667226 0.000000 0.000000 0.000000 1.000000
0.945374 -0.127382 0.300071 31.614962 0.113059 0.991480 0.064700 112.128914 -0.305756 -0.027240 0.951720 -2.758088 0.000000 0.000000 0.000000 1.000000
0.947669 -0.125696 0.293467 31.979879 0.111638 0.991670 0.064244 112.203896 -0.299098 -0.028120 0.953808 -2.761944 0.000000 0.000000 0.000000 1.000000
0.950000 -0.121675 0.287568 32.218945 0.107916 0.992144 0.063286 112.338242 -0.293009 -0.029089 0.955667 -2.709006 0.000000 0.000000 0.000000 1.000000
0.952881 -0.116347 0.280144 32.372669 0.103001 0.992750 0.061953 112.493454 -0.285321 -0.030179 0.957957 -2.640172 0.000000 0.000000 0.000000 1.000000
0.956178 -0.110981 0.270936 32.494095 0.098001 0.993314 0.061022 112.649139 -0.275897 -0.031796 0.960661 -2.579318 0.000000 0.000000 0.000000 1.000000
0.959381 -0.106625 0.261188 32.616508 0.093728 0.993704 0.061384 112.794113 -0.266088 -0.034410 0.963334 -2.526281 0.000000 0.000000 0.000000 1.000000
0.962191 -0.103726 0.251852 32.752392 0.090517 0.993868 0.063513 112.919693 -0.256895 -0.038315 0.965679 -2.470516 0.000000 0.000000 0.000000 1.000000
0.964751 -0.102248 0.242488 32.908264 0.088420 0.993809 0.067269 113.019936 -0.247864 -0.043457 0.967820 -2.407627 0.000000 0.000000 0.000000 1.000000
0.967398 -0.102070 0.231782 33.092606 0.087601 0.993557 0.071912 113.092834 -0.237629 -0.049263 0.970106 -2.344727 0.000000 0.000000 0.000000 1.000000
0.970231 -0.103159 0.219113 33.270592 0.088360 0.993160 0.076326 113.141388 -0.225488 -0.054693 0.972710 -2.293032 0.000000 0.000000 0.000000 1.000000
0.972943 -0.105270 0.205671 33.409554 0.090592 0.992706 0.079548 113.178520 -0.212545 -0.058764 0.975383 -2.255076 0.000000 0.000000 0.000000 1.000000
0.975112 -0.107718 0.193789 33.541138 0.093452 0.992296 0.081335 113.224670 -0.201057 -0.061200 0.977666 -2.220849 0.000000 0.000000 0.000000 1.000000
0.976626 -0.109674 0.184861 33.668175 0.095851 0.992000 0.082149 113.292191 -0.192392 -0.062509 0.979325 -2.179789 0.000000 0.000000 0.000000 1.000000
0.977755 -0.110718 0.178147 33.794182 0.097260 0.991825 0.082605 113.381905 -0.185836 -0.063441 0.980531 -2.134178 0.000000 0.000000 0.000000 1.000000
0.978838 -0.110962 0.171943 33.920715 0.097832 0.991730 0.083066 113.481972 -0.179739 -0.064486 0.981598 -2.096620 0.000000 0.000000 0.000000 1.000000
0.979950 -0.110902 0.165528 34.045685 0.098074 0.991646 0.083783 113.576904 -0.173437 -0.065869 0.982640 -2.073616 0.000000 0.000000 0.000000 1.000000
0.980941 -0.111097 0.159412 34.165031 0.098456 0.991493 0.085135 113.655449 -0.167514 -0.067818 0.983534 -2.057629 0.000000 0.000000 0.000000 1.000000
0.981745 -0.111835 0.153848 34.276844 0.099207 0.991215 0.087466 113.713341 -0.162278 -0.070606 0.984216 -2.037825 0.000000 0.000000 0.000000 1.000000
0.982534 -0.112949 0.147880 34.383675 0.100257 0.990823 0.090658 113.752670 -0.156763 -0.074248 0.984841 -2.014289 0.000000 0.000000 0.000000 1.000000
0.983516 -0.114008 0.140348 34.489632 0.101384 0.990392 0.094049 113.777634 -0.149722 -0.078270 0.985625 -1.998109 0.000000 0.000000 0.000000 1.000000
0.984650 -0.114759 0.131511 34.595432 0.102443 0.990009 0.096890 113.789940 -0.141316 -0.081930 0.986568 -1.999551 0.000000 0.000000 0.000000 1.000000
0.985668 -0.115327 0.123120 34.697113 0.103451 0.989709 0.098859 113.786598 -0.133254 -0.084706 0.987455 -2.019276 0.000000 0.000000 0.000000 1.000000
0.986367 -0.115939 0.116785 34.790665 0.104454 0.989480 0.100093 113.765984 -0.127161 -0.086530 0.988100 -2.050065 0.000000 0.000000 0.000000 1.000000
0.986783 -0.116564 0.112566 34.876968 0.105365 0.989312 0.100798 113.743919 -0.123113 -0.087605 0.988518 -2.084426 0.000000 0.000000 0.000000 1.000000
0.987120 -0.116873 0.109249 34.960243 0.105941 0.989227 0.101031 113.729782 -0.119880 -0.088156 0.988867 -2.120710 0.000000 0.000000 0.000000 1.000000
0.987538 -0.116582 0.105725 35.044178 0.105980 0.989236 0.100901 113.728203 -0.116350 -0.088439 0.989263 -2.161764 0.000000 0.000000 0.000000 1.000000
0.988039 -0.115769 0.101865 35.128597 0.105525 0.989295 0.100793 113.736069 -0.112444 -0.088838 0.989679 -2.209609 0.000000 0.000000 0.000000 1.000000
0.988530 -0.114823 0.098097 35.210423 0.104869 0.989320 0.101234 113.744392 -0.108674 -0.089786 0.990014 -2.262409 0.000000 0.000000 0.000000 1.000000
0.988971 -0.114114 0.094419 35.287407 0.104358 0.989242 0.102518 113.746574 -0.105102 -0.091534 0.990240 -2.316471 0.000000 0.000000 0.000000 1.000000
0.989419 -0.113685 0.090140 35.360390 0.104121 0.989057 0.104526 113.742294 -0.101037 -0.094035 0.990429 -2.369934 0.000000 0.000000 0.000000 1.000000
0.989947 -0.113330 0.084626 35.431683 0.104063 0.988810 0.106887 113.736031 -0.095793 -0.097006 0.990663 -2.423183 0.000000 0.000000 0.000000 1.000000
0.990534 -0.112864 0.078134 35.501984 0.104022 0.988558 0.109234 113.731445 -0.089568 -0.100073 0.990940 -2.476432 0.000000 0.000000 0.000000 1.000000
0.991074 -0.112312 0.071823 35.569096 0.103937 0.988338 0.111286 113.729553 -0.083484 -0.102828 0.991190 -2.528187 0.000000 0.000000 0.000000 1.000000
0.991469 -0.111827 0.066958 35.629856 0.103838 0.988177 0.112797 113.730728 -0.078780 -0.104882 0.991359 -2.576035 0.000000 0.000000 0.000000 1.000000
0.991709 -0.111430 0.064006 35.683369 0.103694 0.988103 0.113575 113.737411 -0.075900 -0.105996 0.991466 -2.618459 0.000000 0.000000 0.000000 1.000000
0.991867 -0.110923 0.062415 35.731850 0.103357 0.988135 0.113603 113.752014 -0.074275 -0.106228 0.991564 -2.656024 0.000000 0.000000 0.000000 1.000000
0.992037 -0.110091 0.061177 35.778183 0.102694 0.988258 0.113136 113.772797 -0.072914 -0.105953 0.991694 -2.691118 0.000000 0.000000 0.000000 1.000000
0.992260 -0.108951 0.059574 35.823204 0.101767 0.988414 0.112611 113.793198 -0.071152 -0.105676 0.991852 -2.726430 0.000000 0.000000 0.000000 1.000000
0.992521 -0.107752 0.057371 35.865742 0.100822 0.988534 0.112404 113.806290 -0.068824 -0.105779 0.992005 -2.764302 0.000000 0.000000 0.000000 1.000000
0.992792 -0.106750 0.054480 35.904491 0.100119 0.988585 0.112591 113.809601 -0.065877 -0.106325 0.992147 -2.807502 0.000000 0.000000 0.000000 1.000000
0.993070 -0.106032 0.050690 35.939430 0.099788 0.988580 0.112927 113.805305 -0.062085 -0.107086 0.992309 -2.858940 0.000000 0.000000 0.000000 1.000000
0.993356 -0.105556 0.045840 35.971188 0.099827 0.988558 0.113079 113.796921 -0.057252 -0.107752 0.992528 -2.919349 0.000000 0.000000 0.000000 1.000000
0.993630 -0.105272 0.040213 35.999554 0.100165 0.988548 0.112873 113.787079 -0.051634 -0.108126 0.992795 -2.985963 0.000000 0.000000 0.000000 1.000000
0.993851 -0.105162 0.034651 36.023220 0.100688 0.988561 0.112290 113.778152 -0.046063 -0.108110 0.993071 -3.053473 0.000000 0.000000 0.000000 1.000000
0.993993 -0.105196 0.030211 36.040672 0.101243 0.988613 0.111327 113.773376 -0.041578 -0.107600 0.993324 -3.115160 0.000000 0.000000 0.000000 1.000000
0.994058 -0.105288 0.027637 36.051151 0.101664 0.988720 0.109983 113.774879 -0.038906 -0.106520 0.993549 -3.163503 0.000000 0.000000 0.000000 1.000000
0.994069 -0.105339 0.027036 36.054863 0.101842 0.988879 0.108382 113.781296 -0.038153 -0.104986 0.993742 -3.192204 0.000000 0.000000 0.000000 1.000000
0.994047 -0.105322 0.027900 36.019749 0.101795 0.989053 0.106829 113.785767 -0.038847 -0.103353 0.993886 -3.198936 0.000000 0.000000 0.000000 1.000000
0.994007 -0.105296 0.029369 35.946003 0.101663 0.989188 0.105695 113.784798 -0.040181 -0.102076 0.993965 -3.184841 0.000000 0.000000 0.000000 1.000000
0.993969 -0.105324 0.030530 35.860268 0.101590 0.989243 0.105247 113.779999 -0.041287 -0.101510 0.993977 -3.152083 0.000000 0.000000 0.000000 1.000000
0.993962 -0.105354 0.030654 35.751366 0.101597 0.989215 0.105510 113.772804 -0.041439 -0.101759 0.993946 -3.103117 0.000000 0.000000 0.000000 1.000000
0.994018 -0.105190 0.029366 35.608589 0.101536 0.989144 0.106224 113.766792 -0.040221 -0.102607 0.993908 -3.040848 0.000000 0.000000 0.000000 1.000000
0.994151 -0.104635 0.026737 35.426132 0.101226 0.989097 0.106959 113.767944 -0.037637 -0.103627 0.993904 -2.967515 0.000000 0.000000 0.000000 1.000000
0.994344 -0.103643 0.023214 35.198952 0.100593 0.989121 0.107338 113.782684 -0.034086 -0.104396 0.993952 -2.883497 0.000000 0.000000 0.000000 1.000000
0.994566 -0.102286 0.019380 34.916126 0.099649 0.989232 0.107189 113.814018 -0.030135 -0.104675 0.994050 -2.788761 0.000000 0.000000 0.000000 1.000000
0.994809 -0.100545 0.015663 34.564217 0.098326 0.989438 0.106512 113.859955 -0.026207 -0.104419 0.994188 -2.685369 0.000000 0.000000 0.000000 1.000000
0.995088 -0.098247 0.012134 34.135445 0.096434 0.989745 0.105379 113.916100 -0.022363 -0.103691 0.994358 -2.576885 0.000000 0.000000 0.000000 1.000000
0.995413 -0.095288 0.008551 33.631786 0.093892 0.990146 0.103898 113.979317 -0.018367 -0.102618 0.994551 -2.464437 0.000000 0.000000 0.000000 1.000000
0.995761 -0.091866 0.004642 33.062824 0.090912 0.990591 0.102298 114.048531 -0.013996 -0.101442 0.994743 -2.344182 0.000000 0.000000 0.000000 1.000000
0.996091 -0.088335 0.000342 32.439381 0.087850 0.991010 0.100908 114.123329 -0.009253 -0.100483 0.994896 -2.210695 0.000000 0.000000 0.000000 1.000000
0.996381 -0.084889 -0.004301 31.768448 0.084893 0.991371 0.099887 114.201569 -0.004215 -0.099891 0.994989 -2.063293 0.000000 0.000000 0.000000 1.000000
0.996631 -0.081474 -0.009364 31.054157 0.082001 0.991705 0.098978 114.275848 0.001223 -0.099413 0.995046 -1.907444 0.000000 0.000000 0.000000 1.000000
0.996844 -0.077936 -0.015082 30.300247 0.079041 0.992073 0.097687 114.345894 0.007350 -0.098571 0.995103 -1.749211 0.000000 0.000000 0.000000 1.000000
0.997017 -0.074113 -0.021540 29.509281 0.075847 0.992513 0.095735 114.417458 0.014284 -0.097083 0.995174 -1.590722 0.000000 0.000000 0.000000 1.000000
0.997156 -0.069842 -0.028330 28.682482 0.072202 0.993021 0.093255 114.498283 0.021619 -0.095035 0.995239 -1.431631 0.000000 0.000000 0.000000 1.000000
0.997283 -0.065018 -0.034622 27.822357 0.067922 0.993564 0.090644 114.589996 0.028506 -0.092749 0.995281 -1.271397 0.000000 0.000000 0.000000 1.000000
0.997428 -0.059678 -0.039687 26.934692 0.062993 0.994099 0.088317 114.685539 0.034182 -0.090590 0.995301 -1.107159 0.000000 0.000000 0.000000 1.000000
0.997599 -0.054025 -0.043333 26.027792 0.057618 0.994585 0.086490 114.775597 0.038426 -0.088780 0.995310 -0.933263 0.000000 0.000000 0.000000 1.000000
0.997779 -0.048329 -0.045850 25.109022 0.052103 0.995014 0.085049 114.855659 0.041511 -0.087249 0.995321 -0.747559 0.000000 0.000000 0.000000 1.000000
0.997950 -0.042725 -0.047649 24.180605 0.046612 0.995402 0.083682 114.926003 0.043855 -0.085732 0.995353 -0.556597 0.000000 0.000000 0.000000 1.000000
0.998108 -0.037149 -0.048986 23.239111 0.041096 0.995768 0.082205 114.986763 0.045724 -0.084063 0.995411 -0.371058 0.000000 0.000000 0.000000 1.000000
0.998259 -0.031482 -0.049883 22.282358 0.035445 0.996111 0.080668 115.036087 0.047149 -0.082295 0.995492 -0.196849 0.000000 0.000000 0.000000 1.000000
0.998407 -0.025755 -0.050207 21.314545 0.029685 0.996417 0.079190 115.073143 0.047988 -0.080554 0.995594 -0.034906 0.000000 0.000000 0.000000 1.000000
0.998559 -0.020050 -0.049779 20.342945 0.023893 0.996680 0.077839 115.096863 0.048053 -0.078916 0.995722 0.111173 0.000000 0.000000 0.000000 1.000000
0.998721 -0.014409 -0.048464 19.370338 0.018104 0.996891 0.076684 115.108559 0.047208 -0.077463 0.995877 0.235499 0.000000 0.000000 0.000000 1.000000
0.998895 -0.008747 -0.046181 18.395695 0.012234 0.997050 0.075770 115.109138 0.045382 -0.076251 0.996055 0.338600 0.000000 0.000000 0.000000 1.000000
0.999073 -0.003074 -0.042928 17.417797 0.006289 0.997166 0.074966 115.100777 0.042576 -0.075167 0.996262 0.431831 0.000000 0.000000 0.000000 1.000000
0.999244 0.002527 -0.038800 16.436020 0.000351 0.997259 0.073991 115.085190 0.038881 -0.073949 0.996504 0.529090 0.000000 0.000000 0.000000 1.000000
0.999393 0.008027 -0.033904 15.447799 -0.005543 0.997337 0.072719 115.063156 0.034398 -0.072487 0.996776 0.636970 0.000000 0.000000 0.000000 1.000000
0.999513 0.013405 -0.028163 14.451260 -0.011365 0.997384 0.071388 115.035889 0.029046 -0.071033 0.997051 0.755437 0.000000 0.000000 0.000000 1.000000
0.999604 0.018523 -0.021190 13.451001 -0.016989 0.997374 0.070402 115.005478 0.022439 -0.070014 0.997294 0.884787 0.000000 0.000000 0.000000 1.000000
0.999654 0.023153 -0.012481 12.455750 -0.022225 0.997304 0.069935 114.972870 0.014066 -0.069634 0.997473 1.026550 0.000000 0.000000 0.000000 1.000000
0.999628 0.027212 -0.001877 11.468372 -0.027015 0.997198 0.069759 114.935738 0.003770 -0.069682 0.997562 1.176073 0.000000 0.000000 0.000000 1.000000
0.999473 0.030860 0.010028 10.482533 -0.031483 0.997091 0.069416 114.893074 -0.007857 -0.069695 0.997537 1.316864 0.000000 0.000000 0.000000 1.000000
0.999164 0.034489 0.021959 9.491085 -0.035921 0.997002 0.068537 114.847954 -0.019530 -0.069268 0.997407 1.424899 0.000000 0.000000 0.000000 1.000000
0.998732 0.038431 0.032515 8.492935 -0.040544 0.996927 0.067024 114.805824 -0.029840 -0.068258 0.997221 1.480485 0.000000 0.000000 0.000000 1.000000
0.998260 0.042587 0.040781 7.493770 -0.045185 0.996858 0.065051 114.761765 -0.037882 -0.066780 0.997048 1.475154 0.000000 0.000000 0.000000 1.000000
0.997820 0.046771 0.046567 6.508192 -0.049660 0.996781 0.062945 114.716423 -0.043473 -0.065120 0.996930 1.412556 0.000000 0.000000 0.000000 1.000000
0.997470 0.050565 0.049966 5.556114 -0.053582 0.996698 0.061009 114.665787 -0.046716 -0.063532 0.996886 1.299009 0.000000 0.000000 0.000000 1.000000
0.997250 0.053777 0.050987 4.654737 -0.056776 0.996623 0.059326 114.608208 -0.047625 -0.062057 0.996936 1.139465 0.000000 0.000000 0.000000 1.000000
0.997160 0.056681 0.049592 3.811453 -0.059519 0.996555 0.057756 114.551361 -0.046147 -0.060544 0.997098 0.940268 0.000000 0.000000 0.000000 1.000000
0.997173 0.059548 0.045831 3.026722 -0.062090 0.996488 0.056187 114.502083 -0.042324 -0.058874 0.997368 0.710654 0.000000 0.000000 0.000000 1.000000
0.997256 0.062366 0.039892 2.299548 -0.064500 0.996420 0.054646 114.461266 -0.036341 -0.057069 0.997709 0.461111 0.000000 0.000000 0.000000 1.000000
0.997368 0.065005 0.032122 1.625092 -0.066650 0.996363 0.053092 114.425598 -0.028554 -0.055093 0.998073 0.199754 0.000000 0.000000 0.000000 1.000000
0.997460 0.067378 0.023091 0.992010 -0.068489 0.996333 0.051275 114.394035 -0.019552 -0.052727 0.998418 -0.069388 0.000000 0.000000 0.000000 1.000000
0.997501 0.069366 0.013453 0.389228 -0.069947 0.996347 0.048985 114.369621 -0.010005 -0.049803 0.998709 -0.345530 0.000000 0.000000 0.000000 1.000000
0.997479 0.070873 0.003623 -0.185072 -0.070965 0.996402 0.046328 114.354538 -0.000327 -0.046468 0.998920 -0.630826 0.000000 0.000000 0.000000 1.000000
0.997393 0.071892 -0.006239 -0.724030 -0.071554 0.996483 0.043615 114.348518 0.009353 -0.043055 0.999029 -0.930256 0.000000 0.000000 0.000000 1.000000
0.997238 0.072584 -0.015717 -1.218346 -0.071888 0.996566 0.041096 114.351929 0.018646 -0.039853 0.999032 -1.247449 0.000000 0.000000 0.000000 1.000000
0.997052 0.072967 -0.023730 -1.664245 -0.072010 0.996643 0.038953 114.358238 0.026492 -0.037129 0.998959 -1.578594 0.000000 0.000000 0.000000 1.000000
0.996899 0.073208 -0.028845 -2.067386 -0.072113 0.996697 0.037334 114.362000 0.031483 -0.035139 0.998886 -1.908430 0.000000 0.000000 0.000000 1.000000
0.996833 0.073586 -0.030163 -2.437108 -0.072481 0.996712 0.036218 114.361076 0.032729 -0.033917 0.998889 -2.218451 0.000000 0.000000 0.000000 1.000000
0.996842 0.074380 -0.027800 -2.775926 -0.073381 0.996677 0.035366 114.360611 0.030338 -0.033214 0.998988 -2.496914 0.000000 0.000000 0.000000 1.000000
0.996879 0.075635 -0.022625 -3.077170 -0.074829 0.996597 0.034575 114.363708 0.025163 -0.032774 0.999146 -2.740470 0.000000 0.000000 0.000000 1.000000
0.996896 0.077164 -0.015655 -3.331440 -0.076600 0.996486 0.033890 114.367653 0.018215 -0.032586 0.999303 -2.948684 0.000000 0.000000 0.000000 1.000000
0.996864 0.078756 -0.007694 -3.533093 -0.078457 0.996355 0.033483 114.369064 0.010303 -0.032775 0.999410 -3.120514 0.000000 0.000000 0.000000 1.000000
0.996775 0.080245 0.000715 -3.687344 -0.080224 0.996217 0.033401 114.368599 0.001968 -0.033351 0.999442 -3.256586 0.000000 0.000000 0.000000 1.000000
0.996635 0.081444 0.009265 -3.817450 -0.081711 0.996094 0.033478 114.370605 -0.006502 -0.034123 0.999397 -3.361802 0.000000 0.000000 0.000000 1.000000
0.996455 0.082190 0.017926 -3.947230 -0.082755 0.996007 0.033476 114.378578 -0.015103 -0.034841 0.999279 -3.443343 0.000000 0.000000 0.000000 1.000000
0.996230 0.082476 0.026898 -4.059650 -0.083352 0.995964 0.033278 114.389328 -0.024045 -0.035394 0.999084 -3.505952 0.000000 0.000000 0.000000 1.000000
0.995934 0.082416 0.036371 -4.112170 -0.083620 0.995953 0.032937 114.395813 -0.033509 -0.035845 0.998795 -3.550545 0.000000 0.000000 0.000000 1.000000
0.995555 0.082060 0.046224 -4.103230 -0.083606 0.995967 0.032559 114.396660 -0.043366 -0.036279 0.998400 -3.577774 0.000000 0.000000 0.000000 1.000000
0.995114 0.081357 0.055946 -4.065591 -0.083239 0.996010 0.032172 114.395378 -0.053106 -0.036672 0.997915 -3.591932 0.000000 0.000000 0.000000 1.000000
0.994659 0.080325 0.064821 -4.019224 -0.082508 0.996085 0.031736 114.394173 -0.062018 -0.036915 0.997392 -3.599815 0.000000 0.000000 0.000000 1.000000
0.994243 0.079129 0.072245 -3.963325 -0.081552 0.996180 0.031231 114.393570 -0.069497 -0.036943 0.996898 -3.606232 0.000000 0.000000 0.000000 1.000000
0.993901 0.077992 0.077963 -3.893610 -0.080586 0.996275 0.030688 114.394806 -0.075279 -0.036784 0.996484 -3.611931 0.000000 0.000000 0.000000 1.000000
0.993633 0.077148 0.082109 -3.810955 -0.079850 0.996351 0.030143 114.404121 -0.079484 -0.036508 0.996167 -3.615459 0.000000 0.000000 0.000000 1.000000
0.993435 0.076540 0.085018 -3.718016 -0.079302 0.996411 0.029596 114.422226 -0.082448 -0.036143 0.995940 -3.617095 0.000000 0.000000 0.000000 1.000000
0.993312 0.075837 0.087063 -3.615719 -0.078626 0.996481 0.029061 114.439087 -0.084553 -0.035712 0.995779 -3.619447 0.000000 0.000000 0.000000 1.000000
0.993244 0.074890 0.088643 -3.503497 -0.077695 0.996566 0.028624 114.447762 -0.086195 -0.035318 0.995652 -3.624587 0.000000 0.000000 0.000000 1.000000
0.993195 0.073750 0.090140 -3.380744 -0.076585 0.996658 0.028404 114.446732 -0.087744 -0.035114 0.995524 -3.633704 0.000000 0.000000 0.000000 1.000000
0.993132 0.072535 0.091796 -3.247653 -0.075429 0.996745 0.028453 114.438980 -0.089434 -0.035181 0.995371 -3.648109 0.000000 0.000000 0.000000 1.000000
0.993046 0.071334 0.093659 -3.106023 -0.074312 0.996822 0.028691 114.429512 -0.091314 -0.035452 0.995191 -3.668169 0.000000 0.000000 0.000000 1.000000
0.992931 0.070204 0.095709 -2.959038 -0.073277 0.996891 0.028975 114.422234 -0.093378 -0.035783 0.994988 -3.690341 0.000000 0.000000 0.000000 1.000000
0.992784 0.069117 0.097994 -2.809246 -0.072295 0.996954 0.029256 114.417000 -0.095673 -0.036129 0.994757 -3.707038 0.000000 0.000000 0.000000 1.000000
0.992609 0.067934 0.100563 -2.656903 -0.071240 0.997018 0.029654 114.410591 -0.098248 -0.036599 0.994489 -3.710953 0.000000 0.000000 0.000000 1.000000
0.992416 0.066492 0.103384 -2.501098 -0.069962 0.997089 0.030306 114.400246 -0.101068 -0.037309 0.994180 -3.698316 0.000000 0.000000 0.000000 1.000000
0.992208 0.064741 0.106455 -2.342655 -0.068409 0.997170 0.031169 114.386086 -0.104136 -0.038209 0.993829 -3.666967 0.000000 0.000000 0.000000 1.000000
0.991948 0.062790 0.109984 -2.184897 -0.066680 0.997259 0.032052 114.370819 -0.107670 -0.039128 0.993416 -3.614261 0.000000 0.000000 0.000000 1.000000
0.991583 0.060842 0.114289 -2.031382 -0.064979 0.997347 0.032826 114.357391 -0.111989 -0.039976 0.992905 -3.539935 0.000000 0.000000 0.000000 1.000000
0.991083 0.059052 0.119443 -1.883476 -0.063467 0.997421 0.033503 114.345581 -0.117157 -0.040784 0.992276 -3.449356 0.000000 0.000000 0.000000 1.000000
0.990479 0.057465 0.125096 -1.740078 -0.062178 0.997482 0.034106 114.332001 -0.122821 -0.041560 0.991558 -3.350312 0.000000 0.000000 0.000000 1.000000
0.989832 0.056097 0.130709 -1.599771 -0.061101 0.997532 0.034586 114.315163 -0.128446 -0.042221 0.990817 -3.247231 0.000000 0.000000 0.000000 1.000000
0.989193 0.054971 0.135924 -1.462896 -0.060234 0.997574 0.034911 114.296577 -0.133675 -0.042721 0.990104 -3.140161 0.000000 0.000000 0.000000 1.000000
0.988579 0.054059 0.140671 -1.331187 -0.059557 0.997605 0.035167 114.277054 -0.138434 -0.043143 0.989432 -3.027060 0.000000 0.000000 0.000000 1.000000
0.987992 0.053283 0.145029 -1.205855 -0.059009 0.997627 0.035467 114.255310 -0.142795 -0.043600 0.988792 -2.906075 0.000000 0.000000 0.000000 1.000000
0.987433 0.052566 0.149041 -1.087151 -0.058512 0.997645 0.035789 114.232330 -0.146809 -0.044060 0.988183 -2.777324 0.000000 0.000000 0.000000 1.000000
0.986914 0.051942 0.152650 -0.973942 -0.058070 0.997664 0.035964 114.209190 -0.150426 -0.044358 0.987626 -2.644399 0.000000 0.000000 0.000000 1.000000
0.986464 0.051422 0.155706 -0.866253 -0.057665 0.997692 0.035840 114.187943 -0.153504 -0.044334 0.987153 -2.512546 0.000000 0.000000 0.000000 1.000000
0.986112 0.050977 0.158066 -0.765742 -0.057256 0.997731 0.035426 114.170288 -0.155902 -0.043984 0.986793 -2.385579 0.000000 0.000000 0.000000 1.000000
0.985867 0.050588 0.159708 -0.674577 -0.056851 0.997773 0.034887 114.155624 -0.157588 -0.043474 0.986548 -2.264416 0.000000 0.000000 0.000000 1.000000
0.985720 0.050287 0.160706 -0.594264 -0.056517 0.997808 0.034428 114.140160 -0.158623 -0.043019 0.986402 -2.148277 0.000000 0.000000 0.000000 1.000000
0.985665 0.050086 0.161106 -0.525016 -0.056286 0.997830 0.034152 114.118828 -0.159046 -0.042730 0.986346 -2.036972 0.000000 0.000000 0.000000 1.000000
0.985704 0.049974 0.160907 -0.465505 -0.056139 0.997844 0.033997 114.093712 -0.158862 -0.042544 0.986384 -1.931823 0.000000 0.000000 0.000000 1.000000
0.985826 0.049890 0.160180 -0.413609 -0.055991 0.997859 0.033796 114.072823 -0.158151 -0.042285 0.986509 -1.835356 0.000000 0.000000 0.000000 1.000000
0.986004 0.049784 0.159115 -0.368244 -0.055777 0.997884 0.033419 114.061539 -0.157115 -0.041826 0.986694 -1.749785 0.000000 0.000000 0.000000 1.000000
0.986201 0.049697 0.157917 -0.330819 -0.055554 0.997914 0.032887 114.057175 -0.155953 -0.041207 0.986905 -1.675071 0.000000 0.000000 0.000000 1.000000
0.986400 0.049749 0.156651 -0.303959 -0.055472 0.997935 0.032372 114.053566 -0.154717 -0.040621 0.987123 -1.608458 0.000000 0.000000 0.000000 1.000000
0.986608 0.050004 0.155253 -0.288567 -0.055623 0.997937 0.032057 114.048790 -0.153330 -0.040264 0.987354 -1.547416 0.000000 0.000000 0.000000 1.000000
0.986840 0.050365 0.153658 -0.282494 -0.055910 0.997923 0.031981 114.044823 -0.151728 -0.040151 0.987606 -1.494029 0.000000 0.000000 0.000000 1.000000
0.987096 0.050646 0.151912 -0.282832 -0.056126 0.997910 0.032007 114.043495 -0.149974 -0.040121 0.987876 -1.454399 0.000000 0.000000 0.000000 1.000000
0.987359 0.050773 0.150149 -0.289506 -0.056180 0.997908 0.031988 114.044922 -0.148211 -0.040019 0.988146 -1.432261 0.000000 0.000000 0.000000 1.000000
0.987610 0.050834 0.148469 -0.306007 -0.056160 0.997912 0.031907 114.049164 -0.146537 -0.039850 0.988402 -1.425017 0.000000 0.000000 0.000000 1.000000
0.987848 0.050941 0.146835 -0.335513 -0.056192 0.997912 0.031837 114.056786 -0.144907 -0.039701 0.988649 -1.428118 0.000000 0.000000 0.000000 1.000000
0.988099 0.051104 0.145085 -0.377455 -0.056280 0.997909 0.031797 114.068069 -0.143157 -0.039584 0.988908 -1.441800 0.000000 0.000000 0.000000 1.000000
0.988381 0.051261 0.143095 -0.429189 -0.056350 0.997906 0.031740 114.081757 -0.141169 -0.039435 0.989200 -1.470624 0.000000 0.000000 0.000000 1.000000
0.988680 0.051415 0.140958 -0.490106 -0.056409 0.997906 0.031663 114.096031 -0.139035 -0.039255 0.989509 -1.516339 0.000000 0.000000 0.000000 1.000000
0.988952 0.051671 0.138941 -0.561030 -0.056586 0.997896 0.031658 114.110107 -0.137013 -0.039171 0.989795 -1.574125 0.000000 0.000000 0.000000 1.000000
0.989168 0.052107 0.137226 -0.640086 -0.056980 0.997868 0.031824 114.124275 -0.135275 -0.039298 0.990028 -1.636848 0.000000 0.000000 0.000000 1.000000
0.989335 0.052691 0.135794 -0.722664 -0.057560 0.997823 0.032176 114.138924 -0.133803 -0.039649 0.990214 -1.700367 0.000000 0.000000 0.000000 1.000000</float_array>
        <technique_common>
          <accessor source="#mixamorig_Hips-Matrix-animation-output-transform-array" count="211" stride="16">
            <param type="float4x4"/>
          </accessor>
        </technique_common>
      </source>
      <source id="mixamorig_Hips-Interpolations">
        <Name_array id="mixamorig_Hips-Interpolations-array" count="211">
 LINEAR LINEAR LINEAR LINEAR LINEAR LINEAR LINEAR LINEAR LINEAR LINEAR LINEAR
LINEAR LINEAR LINEAR LINEAR LINEAR LINEAR LINEAR LINEAR LINEAR LINEAR LINEAR LINEAR
LINEAR LINEAR LINEAR LINEAR LINEAR LINEAR LINEAR LINEAR LINEAR LINEAR LINEAR LINEAR
LINEAR LINEAR LINEAR LINEAR LINEAR LINEAR LINEAR LINEAR LINEAR LINEAR LINEAR LINEAR
LINEAR LINEAR LINEAR LINEAR LINEAR LINEAR LINEAR LINEAR LINEAR LINEAR LINEAR LINEAR
LINEAR LINEAR LINEAR LINEAR LINEAR LINEAR LINEAR LINEAR LINEAR LINEAR LINEAR LINEAR
LINEAR LINEAR LINEAR LINEAR LINEAR LINEAR LINEAR LINEAR LINEAR LINEAR LINEAR LINEAR
LINEAR LINEAR LINEAR LINEAR LINEAR LINEAR LINEAR LINEAR LINEAR LINEAR LINEAR LINEAR
LINEAR LINEAR LINEAR LINEAR LINEAR LINEAR LINEAR LINEAR LINEAR LINEAR LINEAR LINEAR
LINEAR LINEAR LINEAR LINEAR LINEAR LINEAR LINEAR LINEAR LINEAR LINEAR LINEAR LINEAR
LINEAR LINEAR LINEAR LINEAR LINEAR LINEAR LINEAR LINEAR LINEAR LINEAR LINEAR LINEAR
LINEAR LINEAR LINEAR LINEAR LINEAR LINEAR LINEAR LINEAR LINEAR LINEAR LINEAR LINEAR
LINEAR LINEAR LINEAR LINEAR LINEAR LINEAR LINEAR LINEAR LINEAR LINEAR LINEAR LINEAR
LINEAR LINEAR LINEAR LINEAR LINEAR LINEAR LINEAR LINEAR LINEAR LINEAR LINEAR LINEAR
LINEAR LINEAR LINEAR LINEAR LINEAR LINEAR LINEAR LINEAR LINEAR LINEAR LINEAR LINEAR
LINEAR LINEAR LINEAR LINEAR LINEAR LINEAR LINEAR LINEAR LINEAR LINEAR LINEAR LINEAR
LINEAR LINEAR LINEAR LINEAR LINEAR LINEAR LINEAR LINEAR LINEAR LINEAR LINEAR LINEAR
LINEAR LINEAR LINEAR LINEAR LINEAR LINEAR LINEAR LINEAR</Name_array>
        <technique_common>
          <accessor source="#mixamorig_Hips-Interpolations-array" count="211">
            <param type="name"/>
          </accessor>
        </technique_common>
      </source>
      <sampler id="mixamorig_Hips-Matrix-animation-transform">
        <input semantic="INPUT" source="#mixamorig_Hips-Matrix-animation-input"/>
        <input semantic="OUTPUT" source="#mixamorig_Hips-Matrix-animation-output-transform"/>
        <input semantic="INTERPOLATION" source="#mixamorig_Hips-Interpolations"/>
      </sampler>
      <channel source="#mixamorig_Hips-Matrix-animation-transform" target="mixamorig_Hips/matrix"/>
    </animation>
    <animation id="mixamorig_Spine-anim" name="mixamorig_Spine">
      <source id="mixamorig_Spine-Matrix-animation-input">
        <float_array id="mixamorig_Spine-Matrix-animation-input-array" count="211">

0.000000 0.033333 0.066667 0.100000 0.133333 0.166667 0.200000 0.233333 0.266667 0.300000 0.333333 0.366667 0.400000 0.433333 0.466667 0.500000
0.533333 0.566667 0.600000 0.633333 0.666667 0.700000 0.733333 0.766667 0.800000 0.833333 0.866667 0.900000 0.933333 0.966667 1.000000 1.033333
1.066667 1.100000 1.133333 1.166667 1.200000 1.233333 1.266667 1.300000 1.333333 1.366667 1.400000 1.433333 1.466667 1.500000 1.533333 1.566667
1.600000 1.633333 1.666667 1.700000 1.733333 1.766667 1.800000 1.833333 1.866667 1.900000 1.933333 1.966667 2.000000 2.033333 2.066667 2.100000
2.133333 2.166667 2.200000 2.233333 2.266667 2.300000 2.333333 2.366667 2.400000 2.433333 2.466667 2.500000 2.533333 2.566667 2.600000 2.633333
2.666667 2.700000 2.733333 2.766667 2.800000 2.833333 2.866667 2.900000 2.933333 2.966667 3.000000 3.033333 3.066667 3.100000 3.133333 3.166667
3.200000 3.233333 3.266667 3.300000 3.333333 3.366667 3.400000 3.433333 3.466667 3.500000 3.533333 3.566667 3.600000 3.633333 3.666667 3.700000
3.733333 3.766667 3.800000 3.833333 3.866667 3.900000 3.933333 3.966667 4.000000 4.033333 4.066667 4.100000 4.133333 4.166667 4.200000 4.233333
4.266667 4.300000 4.333333 4.366667 4.400000 4.433333 4.466667 4.500000 4.533333 4.566667 4.600000 4.633333 4.666667 4.700000 4.733333 4.766667
4.800000 4.833333 4.866667 4.900000 4.933333 4.966667 5.000000 5.033333 5.066667 5.100000 5.133333 5.166667 5.200000 5.233333 5.266667 5.300000
5.333333 5.366667 5.400000 5.433333 5.466667 5.500000 5.533333 5.566667 5.600000 5.633333 5.666667 5.700000 5.733333 5.766667 5.800000 5.833333
5.866667 5.900000 5.933333 5.966667 6.000000 6.033333 6.066667 6.100000 6.133333 6.166667 6.200000 6.233333 6.266667 6.300000 6.333333 6.366667
6.400000 6.433333 6.466667 6.500000 6.533333 6.566667 6.600000 6.633333 6.666667 6.700000 6.733333 6.766667 6.800000 6.833333 6.866667 6.900000
6.933333 6.966667 7.000000</float_array>
        <technique_common>
          <accessor source="#mixamorig_Spine-Matrix-animation-input-array" count="211">
            <param name="TIME" type="float"/>
          </accessor>
        </technique_common>
      </source>
      <source id="mixamorig_Spine-Matrix-animation-output-transform">
        <float_array id="mixamorig_Spine-Matrix-animation-output-transform-array" count="3376">

0.999251 -0.037190 -0.010711 0.000000 0.036836 0.998824 -0.031518 13.214800 0.011870 0.031099 0.999446 0.000000 0.000000 0.000000 0.000000 1.000000
