<?xml version="1.0" encoding="utf-8"?>
<COLLADA xmlns="http://www.collada.org/2005/11/COLLADASchema" version="1.4.1">
  <asset>
    <contributor>
      <author>Mixamo</author>
      <authoring_tool>COLLADA Mixamo exporter</authoring_tool>
      <comments/>
    </contributor>
    <created>2024-10-27T18:31:48Z</created>
    <modified>2024-10-27T18:31:48Z</modified>
    <revision/>
    <title/>
    <unit meter="0.010000"/>
    <up_axis>Y_UP</up_axis>
  </asset>
  <library_animations>
    <animation id="mixamorig_Hips-anim" name="mixamorig_Hips">
      <source id="mixamorig_Hips-Matrix-animation-input">
        <float_array id="mixamorig_Hips-Matrix-animation-input-array" count="69">

0.000000 0.033333 0.066667 0.100000 0.133333 0.166667 0.200000 0.233333 0.266667 0.300000 0.333333 0.366667 0.400000 0.433333 0.466667 0.500000
0.533333 0.566667 0.600000 0.633333 0.666667 0.700000 0.733333 0.766667 0.800000 0.833333 0.866667 0.900000 0.933333 0.966667 1.000000 1.033333
1.066667 1.100000 1.133333 1.166667 1.200000 1.233333 1.266667 1.300000 1.333333 1.366667 1.400000 1.433333 1.466667 1.500000 1.533333 1.566667
1.600000 1.633333 1.666667 1.700000 1.733333 1.766667 1.800000 1.833333 1.866667 1.900000 1.933333 1.966667 2.000000 2.033333 2.066667 2.100000
2.133333 2.166667 2.200000 2.233333 2.266667</float_array>
        <technique_common>
          <accessor source="#mixamorig_Hips-Matrix-animation-input-array" count="69">
            <param name="TIME" type="float"/>
          </accessor>
        </technique_common>
      </source>
      <source id="mixamorig_Hips-Matrix-animation-output-transform">
        <float_array id="mixamorig_Hips-Matrix-animation-output-transform-array" count="1104">

0.945104 -0.108016 -0.308399 0.699682 0.027532 0.966752 -0.254228 93.665031 0.325606 0.231781 0.916656 -0.194932 0.000000 0.000000 0.000000 1.000000
0.934806 -0.188097 -0.301259 -0.502687 0.086244 0.943072 -0.321213 97.417740 0.344528 0.274290 0.897811 11.585902 0.000000 0.000000 0.000000 1.000000
0.926659 -0.208436 -0.312824 -0.868721 0.079129 0.921705 -0.379735 104.227089 0.367481 0.327132 0.870599 31.821289 0.000000 0.000000 0.000000 1.000000
0.912503 -0.198464 -0.357701 -0.621903 0.027275 0.901998 -0.430878 108.405823 0.408159 0.383421 0.828489 52.799591 0.000000 0.000000 0.000000 1.000000
0.909339 -0.198203 -0.365811 -1.032291 0.009354 0.888754 -0.458289 111.291985 0.415950 0.413318 0.810033 76.014717 0.000000 0.000000 0.000000 1.000000
0.929043 -0.185758 -0.319957 -2.082159 0.022146 0.891188 -0.453094 114.330513 0.369308 0.413858 0.832066 102.878426 0.000000 0.000000 0.000000 1.000000
0.952317 -0.141665 -0.270230 -3.067988 0.006332 0.894661 -0.446701 116.051216 0.305046 0.423690 0.852897 128.341797 0.000000 0.000000 0.000000 1.000000
0.967784 -0.065862 -0.243013 -4.043617 -0.060539 0.875993 -0.478509 115.274673 0.244394 0.477805 0.843786 151.084198 0.000000 0.000000 0.000000 1.000000
0.969821 0.023240 -0.242709 -4.798999 -0.154521 0.828598 -0.538097 113.184464 0.188602 0.559361 0.807183 172.101547 0.000000 0.000000 0.000000 1.000000
0.968105 0.071488 -0.240130 -5.473097 -0.202251 0.788665 -0.580605 110.257195 0.147876 0.610653 0.777969 192.553558 0.000000 0.000000 0.000000 1.000000
0.977940 0.044791 -0.204025 -6.377659 -0.154284 0.813337 -0.560963 106.234741 0.140815 0.580066 0.802306 213.378647 0.000000 0.000000 0.000000 1.000000
0.990327 -0.015232 -0.137912 -7.622254 -0.050701 0.885492 -0.461881 99.323402 0.129155 0.464405 0.876155 234.965561 0.000000 0.000000 0.000000 1.000000
0.995879 -0.036117 -0.083184 -8.448105 0.003411 0.931541 -0.363621 91.312775 0.090622 0.361839 0.927825 255.432632 0.000000 0.000000 0.000000 1.000000
0.996945 -0.019658 -0.075595 -8.553396 -0.008941 0.932732 -0.360459 87.116180 0.077596 0.360034 0.929707 271.230957 0.000000 0.000000 0.000000 1.000000
0.995929 -0.001051 -0.090133 -8.362231 -0.037751 0.903151 -0.427659 89.120171 0.081853 0.429321 0.899435 284.958130 0.000000 0.000000 0.000000 1.000000
0.997216 -0.015770 -0.072885 -7.555120 -0.023873 0.858434 -0.512368 105.234146 0.070647 0.512681 0.855667 308.187683 0.000000 0.000000 0.000000 1.000000
0.998556 -0.000070 -0.053720 -6.876658 -0.032826 0.790785 -0.611213 123.357559 0.042524 0.612094 0.789641 328.356201 0.000000 0.000000 0.000000 1.000000
0.998365 0.025994 -0.050910 -6.718381 -0.054099 0.717302 -0.694659 140.074738 0.018460 0.696278 0.717535 346.858185 0.000000 0.000000 0.000000 1.000000
0.997179 0.031991 -0.067894 -6.558547 -0.072134 0.658363 -0.749236 155.236069 0.020730 0.752021 0.658813 365.184235 0.000000 0.000000 0.000000 1.000000
0.996066 0.039226 -0.079454 -6.142208 -0.087306 0.587671 -0.804376 169.190292 0.015140 0.808149 0.588784 382.712463 0.000000 0.000000 0.000000 1.000000
0.996811 0.044658 -0.066129 -5.705118 -0.079569 0.493821 -0.865915 182.182358 -0.006014 0.868416 0.495800 398.718323 0.000000 0.000000 0.000000 1.000000
0.997897 0.045054 -0.046596 -5.486849 -0.060717 0.398226 -0.915276 194.279083 -0.022681 0.916180 0.400124 414.220032 0.000000 0.000000 0.000000 1.000000
0.997907 0.055134 -0.033798 -5.223992 -0.048834 0.299838 -0.952739 205.471741 -0.042395 0.952396 0.301903 429.939911 0.000000 0.000000 0.000000 1.000000
0.997627 0.064139 -0.025025 -4.889122 -0.037172 0.195833 -0.979932 215.328873 -0.057952 0.978537 0.197753 445.519318 0.000000 0.000000 0.000000 1.000000
0.997756 0.064807 -0.016802 -4.597305 -0.022777 0.092594 -0.995443 223.584137 -0.062956 0.993593 0.093863 460.924042 0.000000 0.000000 0.000000 1.000000
0.997825 0.065058 -0.010569 -4.357861 -0.009774 -0.012527 -0.999874 230.282654 -0.065183 0.997803 -0.011864 476.278076 0.000000 0.000000 0.000000 1.000000
0.997907 0.064404 -0.005764 -4.187316 0.001877 -0.117951 -0.993018 235.395721 -0.064634 0.990929 -0.117826 491.721436 0.000000 0.000000 0.000000 1.000000
0.998087 0.061829 0.000542 -4.013183 0.014232 -0.221197 -0.975125 238.716476 -0.060171 0.973267 -0.221654 507.541168 0.000000 0.000000 0.000000 1.000000
0.998028 0.062244 0.008161 -3.756531 0.027903 -0.323379 -0.945858 240.046631 -0.056235 0.944220 -0.324478 523.755676 0.000000 0.000000 0.000000 1.000000
0.997855 0.063786 0.014752 -3.489779 0.040413 -0.422849 -0.905298 239.346695 -0.051508 0.903952 -0.424520 540.217590 0.000000 0.000000 0.000000 1.000000
0.997776 0.063333 0.020769 -3.229508 0.050579 -0.516541 -0.854767 236.673950 -0.043407 0.853917 -0.518596 556.896973 0.000000 0.000000 0.000000 1.000000
0.997741 0.061659 0.026667 -2.915808 0.058551 -0.603561 -0.795164 232.230881 -0.032934 0.794929 -0.605807 573.591980 0.000000 0.000000 0.000000 1.000000
0.997784 0.057920 0.032761 -2.566347 0.063596 -0.685119 -0.725650 226.073242 -0.019585 0.726125 -0.687284 590.493042 0.000000 0.000000 0.000000 1.000000
0.997830 0.052278 0.040032 -2.243612 0.065754 -0.759202 -0.647525 218.276764 -0.003459 0.648752 -0.760992 607.467102 0.000000 0.000000 0.000000 1.000000
0.997760 0.047451 0.047152 -1.916876 0.065808 -0.822808 -0.564497 209.007858 0.012011 0.566336 -0.824087 624.389160 0.000000 0.000000 0.000000 1.000000
0.997726 0.044197 0.050892 -1.573211 0.063153 -0.876849 -0.476599 198.419098 0.023561 0.478729 -0.877646 641.223206 0.000000 0.000000 0.000000 1.000000
0.998072 0.034884 0.051343 -1.269933 0.051889 -0.922832 -0.381691 186.733276 0.034066 0.383619 -0.922863 658.056030 0.000000 0.000000 0.000000 1.000000
0.998502 0.020454 0.050746 -1.024508 0.033846 -0.959645 -0.279170 174.150879 0.042988 0.280469 -0.958900 675.132263 0.000000 0.000000 0.000000 1.000000
0.998771 0.009855 0.048572 -0.718468 0.018363 -0.983862 -0.177981 160.337158 0.046034 0.178655 -0.982834 692.663452 0.000000 0.000000 0.000000 1.000000
0.999103 0.001801 0.042314 -0.287224 0.005424 -0.996310 -0.085659 145.446167 0.042003 0.085811 -0.995426 710.698303 0.000000 0.000000 0.000000 1.000000
0.999366 -0.004636 0.035295 0.101338 -0.004594 -0.999989 -0.001254 130.153687 0.035301 0.001091 -0.999376 729.481812 0.000000 0.000000 0.000000 1.000000
0.999330 -0.030598 0.020100 -0.046805 -0.031904 -0.997157 0.068266 113.696785 0.017954 -0.068861 -0.997465 748.903992 0.000000 0.000000 0.000000 1.000000
0.999366 -0.026077 -0.024228 -0.518121 -0.021312 -0.983523 0.179525 95.794235 -0.028510 -0.178895 -0.983455 768.626709 0.000000 0.000000 0.000000 1.000000
0.995690 0.006946 -0.092484 -0.964384 0.040145 -0.931207 0.362273 77.460495 -0.083606 -0.364424 -0.927472 788.504089 0.000000 0.000000 0.000000 1.000000
0.985281 0.067425 -0.157083 -1.224275 0.148341 -0.793893 0.589686 58.131645 -0.084948 -0.604308 -0.792209 809.353638 0.000000 0.000000 0.000000 1.000000
0.979212 0.126347 -0.158680 -1.263361 0.201672 -0.522719 0.828307 34.419628 0.021709 -0.843090 -0.537334 829.537537 0.000000 0.000000 0.000000 1.000000
0.983201 0.140137 -0.116952 -1.927119 0.141917 -0.183971 0.972633 15.333984 0.114786 -0.972891 -0.200768 840.761902 0.000000 0.000000 0.000000 1.000000
0.979337 0.174560 -0.102116 -2.559953 0.094440 0.051750 0.994185 13.882183 0.178829 -0.983286 0.034196 846.835083 0.000000 0.000000 0.000000 1.000000
0.967176 0.245312 -0.066273 -2.681135 0.024081 0.171151 0.984951 13.262731 0.252963 -0.954217 0.159626 850.389221 0.000000 0.000000 0.000000 1.000000
0.962668 0.270403 0.012355 -2.845398 -0.108149 0.342379 0.933317 12.667141 0.248141 -0.899810 0.358841 854.883789 0.000000 0.000000 0.000000 1.000000
0.952146 0.282072 0.117698 -3.240648 -0.265569 0.572885 0.775420 13.390413 0.151297 -0.769570 0.620380 858.364746 0.000000 0.000000 0.000000 1.000000
0.940482 0.269824 0.206610 -3.737189 -0.339316 0.779390 0.526704 15.104019 -0.018912 -0.565462 0.824558 860.323120 0.000000 0.000000 0.000000 1.000000
0.935341 0.224050 0.273748 -3.904308 -0.296849 0.918018 0.262916 17.559513 -0.192399 -0.327178 0.925169 863.790161 0.000000 0.000000 0.000000 1.000000
0.938034 0.192500 0.288161 -3.897543 -0.218482 0.973959 0.060577 22.289303 -0.268996 -0.119781 0.955664 869.137817 0.000000 0.000000 0.000000 1.000000
0.942913 0.219599 0.250384 -4.009087 -0.217410 0.975389 -0.036726 27.278542 -0.252287 -0.019807 0.967450 875.730164 0.000000 0.000000 0.000000 1.000000
0.940253 0.265257 0.213456 -4.029473 -0.260151 0.964156 -0.052198 32.138290 -0.219651 -0.006451 0.975557 882.848938 0.000000 0.000000 0.000000 1.000000
0.940958 0.279169 0.191477 -3.589673 -0.270871 0.960156 -0.068770 37.680256 -0.203046 0.012844 0.979085 891.075134 0.000000 0.000000 0.000000 1.000000
0.948745 0.256724 0.184325 -2.704265 -0.245308 0.965914 -0.082672 43.706673 -0.199266 0.033218 0.979382 900.755005 0.000000 0.000000 0.000000 1.000000
0.958404 0.208792 0.194596 -1.755327 -0.194082 0.976659 -0.092033 49.857483 -0.209270 0.050438 0.976556 911.516907 0.000000 0.000000 0.000000 1.000000
0.965522 0.171155 0.196146 -0.910574 -0.150688 0.981869 -0.115010 56.098816 -0.212274 0.081487 0.973807 923.043945 0.000000 0.000000 0.000000 1.000000
0.967449 0.165144 0.191756 -0.506152 -0.138616 0.979756 -0.144440 61.589157 -0.211728 0.113158 0.970756 934.270874 0.000000 0.000000 0.000000 1.000000
0.972017 0.138188 0.189967 -0.557914 -0.104558 0.978657 -0.176912 66.154640 -0.210359 0.152099 0.965720 944.965637 0.000000 0.000000 0.000000 1.000000
0.981950 0.058129 0.179987 -0.510925 -0.020497 0.978702 -0.204260 70.909424 -0.188027 0.196884 0.962228 955.180603 0.000000 0.000000 0.000000 1.000000
0.989913 -0.037555 0.136608 -0.269836 0.068475 0.970950 -0.229276 76.899139 -0.124029 0.236317 0.963728 965.240784 0.000000 0.000000 0.000000 1.000000
0.991450 -0.110269 0.069774 -0.672560 0.124722 0.957996 -0.258241 82.893227 -0.038368 0.264735 0.963558 975.146362 0.000000 0.000000 0.000000 1.000000
0.985922 -0.167126 0.005130 -0.863181 0.161491 0.943832 -0.288275 88.258171 0.043337 0.285045 0.957534 984.868103 0.000000 0.000000 0.000000 1.000000
0.976580 -0.211727 -0.038250 -0.351426 0.189036 0.929259 -0.317400 92.933044 0.102746 0.302736 0.947520 994.338013 0.000000 0.000000 0.000000 1.000000
0.971309 -0.223775 -0.080525 0.130087 0.182754 0.918982 -0.349388 97.074020 0.152186 0.324647 0.933511 1003.607788 0.000000 0.000000 0.000000 1.000000
0.963957 -0.207510 -0.166512 0.468502 0.127891 0.910200 -0.393929 100.938766 0.233304 0.358435 0.903932 1010.879150 0.000000 0.000000 0.000000 1.000000</float_array>
        <technique_common>
          <accessor source="#mixamorig_Hips-Matrix-animation-output-transform-array" count="69" stride="16">
            <param type="float4x4"/>
          </accessor>
        </technique_common>
      </source>
      <source id="mixamorig_Hips-Interpolations">
        <Name_array id="mixamorig_Hips-Interpolations-array" count="69">
 LINEAR LINEAR LINEAR LINEAR LINEAR LINEAR LINEAR LINEAR LINEAR LINEAR LINEAR
LINEAR LINEAR LINEAR LINEAR LINEAR LINEAR LINEAR LINEAR LINEAR LINEAR LINEAR LINEAR
LINEAR LINEAR LINEAR LINEAR LINEAR LINEAR LINEAR LINEAR LINEAR LINEAR LINEAR LINEAR
LINEAR LINEAR LINEAR LINEAR LINEAR LINEAR LINEAR LINEAR LINEAR LINEAR LINEAR LINEAR
LINEAR LINEAR LINEAR LINEAR LINEAR LINEAR LINEAR LINEAR LINEAR LINEAR LINEAR LINEAR
LINEAR LINEAR LINEAR LINEAR LINEAR LINEAR LINEAR LINEAR LINEAR LINEAR</Name_array>
        <technique_common>
          <accessor source="#mixamorig_Hips-Interpolations-array" count="69">
            <param type="name"/>
          </accessor>
        </technique_common>
      </source>
      <sampler id="mixamorig_Hips-Matrix-animation-transform">
        <input semantic="INPUT" source="#mixamorig_Hips-Matrix-animation-input"/>
        <input semantic="OUTPUT" source="#mixamorig_Hips-Matrix-animation-output-transform"/>
        <input semantic="INTERPOLATION" source="#mixamorig_Hips-Interpolations"/>
      </sampler>
      <channel source="#mixamorig_Hips-Matrix-animation-transform" target="mixamorig_Hips/matrix"/>
    </animation>
    <animation id="mixamorig_Spine-anim" name="mixamorig_Spine">
      <source id="mixamorig_Spine-Matrix-animation-input">
        <float_array id="mixamorig_Spine-Matrix-animation-input-array" count="69">

0.000000 0.033333 0.066667 0.100000 0.133333 0.166667 0.200000 0.233333 0.266667 0.300000 0.333333 0.366667 0.400000 0.433333 0.466667 0.500000
0.533333 0.566667 0.600000 0.633333 0.666667 0.700000 0.733333 0.766667 0.800000 0.833333 0.866667 0.900000 0.933333 0.966667 1.000000 1.033333
1.066667 1.100000 1.133333 1.166667 1.200000 1.233333 1.266667 1.300000 1.333333 1.366667 1.400000 1.433333 1.466667 1.500000 1.533333 1.566667
1.600000 1.633333 1.666667 1.700000 1.733333 1.766667 1.800000 1.833333 1.866667 1.900000 1.933333 1.966667 2.000000 2.033333 2.066667 2.100000
2.133333 2.166667 2.200000 2.233333 2.266667</float_array>
        <technique_common>
          <accessor source="#mixamorig_Spine-Matrix-animation-input-array" count="69">
            <param name="TIME" type="float"/>
          </accessor>
        </technique_common>
      </source>
      <source id="mixamorig_Spine-Matrix-animation-output-transform">
        <float_array id="mixamorig_Spine-Matrix-animation-output-transform-array" count="1104">

0.963391 0.218501 0.155353 0.000000 -0.161486 0.935483 -0.314314 13.214800 -0.214008 0.277720 0.936521 -0.000000 0.000000 0.000000 0.000000 1.000000
0.931291 0.360228 0.054164 0.000000 -0.319065 0.878381 -0.355872 13.214800 -0.175772 0.314138 0.932964 -0.000000 0.000000 0.000000 0.000000 1.000000
0.925693 0.378091 -0.011792 0.000000 -0.357580 0.864455 -0.353347 13.214800 -0.123403 0.331308 0.935418 0.000000 0.000000 0.000000 0.000000 1.000000
0.923979 0.381490 0.027006 0.000000 -0.349171 0.870293 -0.347375 13.214800 -0.156023 0.311537 0.937337 0.000000 0.000000 0.000000 0.000000 1.000000
0.927867 0.366840 0.067012 0.000000 -0.328929 0.889774 -0.316399 13.214800 -0.175694 0.271534 0.946256 0.000000 0.000000 0.000000 0.000000 1.000000
0.951013 0.300584 0.072273 0.000000 -0.276339 0.931334 -0.237178 13.214800 -0.138602 0.205588 0.968774 0.000000 0.000000 0.000000 0.000000 1.000000
0.976829 0.204669 0.062582 0.000000 -0.192414 0.967860 -0.161940 13.214800 -0.093714 0.146146 0.984814 0.000000 0.000000 0.000000 0.000000 1.000000
0.992547 0.110978 0.050332 0.000000 -0.103139 0.985042 -0.138039 13.214800 -0.064898 0.131819 0.989147 -0.000000 0.000000 0.000000 0.000000 1.000000
0.997615 0.041882 0.054863 -0.000000 -0.034502 0.991023 -0.129163 13.214800 -0.059780 0.126962 0.990105 0.000000 0.000000 0.000000 0.000000 1.000000
0.998757 0.001101 0.049840 -0.000000 0.003857 0.995051 -0.099286 13.214800 -0.049702 0.099355 0.993810 -0.000000 0.000000 0.000000 0.000000 1.000000
0.999911 -0.006132 -0.011858 0.000000 0.004921 0.995012 -0.099631 13.214800 0.012410 0.099564 0.994954 -0.000000 0.000000 0.000000 0.000000 1.000000
0.997043 0.024871 -0.072705 0.000000 -0.034896 0.989530 -0.140047 13.214800 0.068460 0.142170 0.987472 0.000000 0.000000 0.000000 0.000000 1.000000
0.998218 0.036375 -0.047306 0.000000 -0.043415 0.986561 -0.157522 13.214800 0.040940 0.159295 0.986382 -0.000000 0.000000 0.000000 0.000000 1.000000
0.999475 0.032188 -0.003567 0.000000 -0.032325 0.984802 -0.170646 13.214800 -0.001980 0.170672 0.985326 -0.000000 0.000000 0.000000 0.000000 1.000000
0.999507 0.031115 0.004253 0.000000 -0.029692 0.980402 -0.194757 13.214800 -0.010229 0.194535 0.980842 -0.000000 0.000000 0.000000 0.000000 1.000000
0.999525 0.028901 -0.010672 -0.000000 -0.030278 0.985497 -0.166969 13.214800 0.005692 0.167213 0.985904 0.000000 0.000000 0.000000 0.000000 1.000000
0.999986 0.004619 -0.002520 0.000000 -0.004893 0.992486 -0.122261 13.214800 0.001937 0.122272 0.992495 -0.000000 0.000000 0.000000 0.000000 1.000000
0.999962 -0.004749 0.007356 0.000000 0.005471 0.994822 -0.101490 13.214800 -0.006836 0.101526 0.994809 0.000000 0.000000 0.000000 0.000000 1.000000
0.999828 0.017802 0.005241 0.000000 -0.017166 0.994503 -0.103294 13.214800 -0.007051 0.103186 0.994637 0.000000 0.000000 0.000000 0.000000 1.000000
0.999462 0.032129 0.006577 -0.000000 -0.031342 0.994798 -0.096922 13.214800 -0.009657 0.096664 0.995270 0.000000 0.000000 0.000000 0.000000 1.000000
0.999601 0.027757 0.005224 0.000000 -0.027234 0.996247 -0.082160 13.214800 -0.007485 0.081985 0.996605 0.000000 0.000000 0.000000 0.000000 1.000000
0.999737 0.022410 0.004791 0.000000 -0.021997 0.997042 -0.073648 13.214800 -0.006427 0.073524 0.997273 0.000000 0.000000 0.000000 0.000000 1.000000
0.999811 0.016918 0.009626 0.000000 -0.016235 0.997616 -0.067065 13.214800 -0.010738 0.066896 0.997702 0.000000 0.000000 0.000000 0.000000 1.000000
0.999834 0.015070 0.010251 0.000000 -0.014407 0.997975 -0.061952 13.214800 -0.011164 0.061794 0.998026 -0.000000 0.000000 0.000000 0.000000 1.000000
0.999848 0.016489 0.005697 0.000000 -0.016108 0.997978 -0.061484 13.214800 -0.006700 0.061383 0.998092 0.000000 0.000000 0.000000 0.000000 1.000000
0.999788 0.020511 0.001592 -0.000000 -0.020374 0.997902 -0.061458 13.214800 -0.002849 0.061413 0.998108 0.000000 0.000000 0.000000 0.000000 1.000000
0.999688 0.024987 -0.000261 0.000000 -0.024956 0.997821 -0.061081 13.214800 -0.001266 0.061068 0.998133 0.000000 0.000000 0.000000 0.000000 1.000000
0.999696 0.024659 0.000050 -0.000000 -0.024611 0.997875 -0.060336 13.214800 -0.001537 0.060316 0.998178 0.000000 0.000000 0.000000 0.000000 1.000000
0.999741 0.022736 0.001150 0.000000 -0.022632 0.998089 -0.057507 13.214800 -0.002455 0.057466 0.998344 0.000000 0.000000 0.000000 0.000000 1.000000
0.999724 0.023451 0.001486 0.000000 -0.023338 0.998297 -0.053470 13.214800 -0.002738 0.053420 0.998568 -0.000000 0.000000 0.000000 0.000000 1.000000
0.999723 0.023407 0.002414 -0.000000 -0.023252 0.998409 -0.051362 13.214800 -0.003612 0.051292 0.998677 -0.000000 0.000000 0.000000 0.000000 1.000000
0.999762 0.020814 0.006570 0.000000 -0.020452 0.998490 -0.050982 13.214800 -0.007621 0.050835 0.998678 0.000000 0.000000 0.000000 0.000000 1.000000
0.999804 0.016013 0.011645 0.000000 -0.015438 0.998733 -0.047887 13.214800 -0.012398 0.047698 0.998785 0.000000 0.000000 0.000000 0.000000 1.000000
0.999815 0.010614 0.016046 0.000000 -0.009891 0.998961 -0.044479 13.214800 -0.016502 0.044312 0.998881 0.000000 0.000000 0.000000 0.000000 1.000000
0.999744 0.008758 0.020854 0.000000 -0.007786 0.998901 -0.046222 13.214800 -0.021235 0.046047 0.998714 -0.000000 0.000000 0.000000 0.000000 1.000000
0.999662 0.011900 0.023115 0.000000 -0.010775 0.998780 -0.048197 13.214800 -0.023661 0.047931 0.998570 0.000000 0.000000 0.000000 0.000000 1.000000
0.999584 0.019521 0.021216 0.000000 -0.018502 0.998713 -0.047217 13.214800 -0.022111 0.046805 0.998659 0.000000 0.000000 0.000000 0.000000 1.000000
0.999504 0.025906 0.017898 0.000000 -0.025017 0.998523 -0.048218 13.214800 -0.019120 0.047746 0.998676 0.000000 0.000000 0.000000 0.000000 1.000000
0.999553 0.025024 0.016353 -0.000000 -0.024067 0.998123 -0.056307 13.214800 -0.017732 0.055888 0.998280 0.000000 0.000000 0.000000 0.000000 1.000000
0.999829 0.010690 0.015111 0.000000 -0.009631 0.997604 -0.068508 13.214800 -0.015807 0.068350 0.997536 0.000000 0.000000 0.000000 0.000000 1.000000
0.999827 -0.015627 0.010094 0.000000 0.016366 0.996831 -0.077841 13.214800 -0.008846 0.077993 0.996915 0.000000 0.000000 0.000000 0.000000 1.000000
0.999916 -0.012741 0.002360 0.000000 0.012893 0.996465 -0.083011 13.214800 -0.001294 0.083035 0.996546 0.000000 0.000000 0.000000 0.000000 1.000000
0.999717 -0.023772 0.000570 0.000000 0.023696 0.993909 -0.107630 13.214800 0.001992 0.107613 0.994191 -0.000000 0.000000 0.000000 0.000000 1.000000
0.999578 -0.028819 -0.003687 -0.000000 0.028029 0.989928 -0.138771 13.214800 0.007649 0.138609 0.990318 0.000000 0.000000 0.000000 0.000000 1.000000
0.999595 -0.026071 -0.011371 -0.000000 0.023099 0.977373 -0.210257 13.214800 0.016595 0.209909 0.977580 0.000000 0.000000 0.000000 0.000000 1.000000
0.999889 -0.013420 -0.006532 0.000000 0.010296 0.937033 -0.349089 13.214800 0.010805 0.348983 0.937067 0.000000 0.000000 0.000000 0.000000 1.000000
0.999939 0.010204 0.004294 0.000000 -0.007417 0.905445 -0.424398 13.214800 -0.008219 0.424340 0.905466 0.000000 0.000000 0.000000 0.000000 1.000000
0.999748 -0.022344 0.002107 0.000000 0.021114 0.904562 -0.425819 13.214800 0.007609 0.425757 0.904806 0.000000 0.000000 0.000000 0.000000 1.000000
0.996331 -0.071671 -0.046766 0.000000 0.051173 0.936949 -0.345699 13.214800 0.068594 0.342038 0.937179 0.000000 0.000000 0.000000 0.000000 1.000000
0.994628 -0.017883 -0.101962 0.000000 -0.003337 0.978915 -0.204242 13.214800 0.103465 0.203485 0.973596 0.000000 0.000000 0.000000 0.000000 1.000000
0.989842 0.048183 -0.133759 0.000000 -0.065591 0.989479 -0.128954 13.214800 0.126138 0.136418 0.982588 0.000000 0.000000 0.000000 0.000000 1.000000
0.991138 0.038824 -0.127037 0.000000 -0.054557 0.990930 -0.122808 13.214800 0.121117 0.128651 0.984266 -0.000000 0.000000 0.000000 0.000000 1.000000
0.993408 0.008166 -0.114341 0.000000 -0.022945 0.991439 -0.128541 13.214800 0.112312 0.130317 0.985091 0.000000 0.000000 0.000000 0.000000 1.000000
0.996595 -0.030830 -0.076469 0.000000 0.017304 0.985013 -0.171612 13.214800 0.080614 0.169704 0.982192 0.000000 0.000000 0.000000 0.000000 1.000000
0.997374 -0.071893 -0.008711 0.000000 0.067747 0.968755 -0.238587 13.214800 0.025592 0.237370 0.971082 0.000000 0.000000 0.000000 0.000000 1.000000
0.995001 -0.097189 0.022978 0.000000 0.099678 0.952256 -0.288570 13.214800 0.006165 0.289418 0.957183 -0.000000 0.000000 0.000000 0.000000 1.000000
0.993894 -0.108246 0.021402 0.000000 0.109180 0.936697 -0.332684 13.214800 0.015964 0.332989 0.942796 0.000000 0.000000 0.000000 0.000000 1.000000
0.994294 -0.106219 0.009882 -0.000000 0.102176 0.921615 -0.374413 13.214800 0.030663 0.373286 0.927209 0.000000 0.000000 0.000000 0.000000 1.000000
0.995605 -0.093625 -0.002335 -0.000000 0.084327 0.907021 -0.412556 13.214800 0.040743 0.410546 0.910929 0.000000 0.000000 0.000000 0.000000 1.000000
0.996669 -0.081502 -0.002755 0.000000 0.072440 0.900355 -0.429083 13.214800 0.037452 0.427455 0.903261 0.000000 0.000000 0.000000 0.000000 1.000000
0.996340 -0.085096 0.008087 0.000000 0.080864 0.907651 -0.411862 13.214800 0.027707 0.411008 0.911210 -0.000000 0.000000 0.000000 0.000000 1.000000
0.995689 -0.091848 0.012923 0.000000 0.089830 0.920203 -0.380994 13.214800 0.023102 0.380512 0.924487 -0.000000 0.000000 0.000000 0.000000 1.000000
0.997580 -0.069317 0.005495 -0.000000 0.066770 0.932855 -0.354011 13.214800 0.019413 0.353521 0.935225 0.000000 0.000000 0.000000 0.000000 1.000000
0.999925 -0.012207 0.000246 0.000000 0.011614 0.944755 -0.327571 13.214800 0.003767 0.327549 0.944827 0.000000 0.000000 0.000000 0.000000 1.000000
0.998471 0.055256 0.001407 -0.000000 -0.052342 0.953369 -0.297234 13.214800 -0.017765 0.296706 0.954803 0.000000 0.000000 0.000000 0.000000 1.000000
0.993457 0.114183 0.002165 0.000000 -0.109021 0.953845 -0.279811 13.214800 -0.034014 0.277744 0.960053 0.000000 0.000000 0.000000 0.000000 1.000000
0.985124 0.171788 0.004338 0.000000 -0.163236 0.943373 -0.288794 13.214800 -0.053704 0.283790 0.957382 0.000000 0.000000 0.000000 0.000000 1.000000
0.975665 0.217878 0.024633 0.000000 -0.201231 0.934364 -0.294057 13.214800 -0.087085 0.281944 0.955470 0.000000 0.000000 0.000000 0.000000 1.000000
0.969593 0.231814 0.078436 0.000000 -0.198922 0.933239 -0.299156 13.214800 -0.142548 0.274457 0.950975 0.000000 0.000000 0.000000 0.000000 1.000000</float_array>
        <technique_common>
          <accessor source="#mixamorig_Spine-Matrix-animation-output-transform-array" count="69" stride="16">
            <param type="float4x4"/>
          </accessor>
        </technique_common>
      </source>
      <source id="mixamorig_Spine-Interpolations">
        <Name_array id="mixamorig_Spine-Interpolations-array" count="69">
 LINEAR LINEAR LINEAR LINEAR LINEAR LINEAR LINEAR LINEAR LINEAR LINEAR LINEAR
LINEAR LINEAR LINEAR LINEAR LINEAR LINEAR LINEAR LINEAR LINEAR LINEAR LINEAR LINEAR
LINEAR LINEAR LINEAR LINEAR LINEAR LINEAR LINEAR LINEAR LINEAR LINEAR LINEAR LINEAR
LINEAR LINEAR LINEAR LINEAR LINEAR LINEAR LINEAR LINEAR LINEAR LINEAR LINEAR LINEAR
LINEAR LINEAR LINEAR LINEAR LINEAR LINEAR LINEAR LINEAR LINEAR LINEAR LINEAR LINEAR
LINEAR LINEAR LINEAR LINEAR LINEAR LINEAR LINEAR LINEAR LINEAR LINEAR</Name_array>
        <technique_common>
          <accessor source="#mixamorig_Spine-Interpolations-array" count="69">
            <param type="name"/>
          </accessor>
        </technique_common>
      </source>
      <sampler id="mixamorig_Spine-Matrix-animation-transform">
        <input semantic="INPUT" source="#mixamorig_Spine-Matrix-animation-input"/>
        <input semantic="OUTPUT" source="#mixamorig_Spine-Matrix-animation-output-transform"/>
        <input semantic="INTERPOLATION" source="#mixamorig_Spine-Interpolations"/>
      </sampler>
      <channel source="#mixamorig_Spine-Matrix-animation-transform" target="mixamorig_Spine/matrix"/>
    </animation>
    <animation id="mixamorig_Spine1-anim" name="mixamorig_Spine1">
      <source id="mixamorig_Spine1-Matrix-animation-input">
        <float_array id="mixamorig_Spine1-Matrix-animation-input-array" count="69">

0.000000 0.033333 0.066667 0.100000 0.133333 0.166667 0.200000 0.233333 0.266667 0.300000 0.333333 0.366667 0.400000 0.433333 0.466667 0.500000
0.533333 0.566667 0.600000 0.633333 0.666667 0.700000 0.733333 0.766667 0.800000 0.833333 0.866667 0.900000 0.933333 0.966667 1.000000 1.033333
1.066667 1.100000 1.133333 1.166667 1.200000 1.233333 1.266667 1.300000 1.333333 1.366667 1.400000 1.433333 1.466667 1.500000 1.533333 1.566667
1.600000 1.633333 1.666667 1.700000 1.733333 1.766667 1.800000 1.833333 1.866667 1.900000 1.933333 1.966667 2.000000 2.033333 2.066667 2.100000
2.133333 2.166667 2.200000 2.233333 2.266667</float_array>
        <technique_common>
          <accessor source="#mixamorig_Spine1-Matrix-animation-input-array" count="69">
            <param name="TIME" type="float"/>
          </accessor>
        </technique_common>
      </source>
      <source id="mixamorig_Spine1-Matrix-animation-output-transform">
        <float_array id="mixamorig_Spine1-Matrix-animation-output-transform-array" count="1104">

0.986888 0.106150 0.121591 0.000000 -0.070740 0.961568 -0.265297 9.224200 -0.145079 0.253217 0.956469 0.000000 0.000000 0.000000 0.000000 1.000000
0.989255 0.058994 0.133772 0.000000 -0.032886 0.981316 -0.189571 9.224200 -0.142456 0.183135 0.972712 0.000000 0.000000 0.000000 0.000000 1.000000
0.990612 0.014856 0.135893 -0.000000 0.004320 0.990179 -0.139737 9.224200 -0.136635 0.139013 0.980819 0.000000 0.000000 0.000000 0.000000 1.000000
0.990355 0.015846 0.137644 0.000000 0.000873 0.992705 -0.120564 9.224200 -0.138550 0.119521 0.983117 0.000000 0.000000 0.000000 0.000000 1.000000
0.990589 0.022904 0.134939 0.000000 -0.007938 0.993853 -0.110422 9.224200 -0.136638 0.108311 0.984682 0.000000 0.000000 0.000000 0.000000 1.000000
0.992179 0.025528 0.122186 0.000000 -0.009105 0.991058 -0.133120 9.224200 -0.124492 0.130966 0.983539 0.000000 0.000000 0.000000 0.000000 1.000000
0.994088 0.035646 0.102556 -0.000000 -0.018958 0.987045 -0.159317 9.224200 -0.106906 0.156431 0.981886 0.000000 0.000000 0.000000 0.000000 1.000000
0.995021 0.058527 0.080675 0.000000 -0.046819 0.989035 -0.140062 9.224200 -0.087988 0.135587 0.986851 -0.000000 0.000000 0.000000 0.000000 1.000000
0.995039 0.080600 0.058327 0.000000 -0.075300 0.993272 -0.087976 9.224200 -0.065025 0.083148 0.994413 0.000000 0.000000 0.000000 0.000000 1.000000
0.995168 0.090782 0.037415 0.000000 -0.089339 0.995254 -0.038573 9.224200 -0.040739 0.035044 0.998555 0.000000 0.000000 0.000000 0.000000 1.000000
0.996157 0.085654 0.018278 -0.000000 -0.085601 0.996323 -0.003655 9.224200 -0.018524 0.002076 0.999826 -0.000000 0.000000 0.000000 0.000000 1.000000
0.997363 0.072552 0.001993 0.000000 -0.072541 0.997351 -0.005352 9.224200 -0.002376 0.005194 0.999984 0.000000 0.000000 0.000000 0.000000 1.000000
0.997745 0.066906 -0.005405 -0.000000 -0.067085 0.996680 -0.046129 9.224200 0.002301 0.046388 0.998921 0.000000 0.000000 0.000000 0.000000 1.000000
0.998421 0.056172 -0.000454 -0.000000 -0.056121 0.997098 -0.051434 9.224200 -0.002436 0.051378 0.998676 -0.000000 0.000000 0.000000 0.000000 1.000000
0.999533 0.030270 0.004104 0.000000 -0.030289 0.999530 0.004626 9.224200 -0.003962 -0.004748 0.999981 0.000000 0.000000 0.000000 0.000000 1.000000
0.999986 0.005140 0.001475 0.000000 -0.005197 0.999090 0.042342 9.224200 -0.001256 -0.042349 0.999102 0.000000 0.000000 0.000000 0.000000 1.000000
0.999998 -0.001862 0.001057 0.000000 0.001803 0.998593 0.053003 9.224200 -0.001154 -0.053001 0.998594 0.000000 0.000000 0.000000 0.000000 1.000000
0.999997 -0.000618 0.002151 0.000000 0.000501 0.998547 0.053889 9.224200 -0.002181 -0.053888 0.998545 0.000000 0.000000 0.000000 0.000000 1.000000
0.999989 -0.003794 0.002787 0.000000 0.003624 0.998258 0.058894 9.224200 -0.003006 -0.058884 0.998260 -0.000000 0.000000 0.000000 0.000000 1.000000
0.999970 -0.007004 0.003414 -0.000000 0.006732 0.997232 0.074049 9.224200 -0.003923 -0.074024 0.997249 0.000000 0.000000 0.000000 0.000000 1.000000
0.999950 -0.009631 0.002740 0.000000 0.009352 0.996061 0.088176 9.224200 -0.003579 -0.088145 0.996101 0.000000 0.000000 0.000000 0.000000 1.000000
0.999903 -0.013714 0.002417 0.000000 0.013420 0.995338 0.095514 9.224200 -0.003716 -0.095472 0.995425 0.000000 0.000000 0.000000 0.000000 1.000000
0.999870 -0.015794 0.003310 0.000000 0.015371 0.994593 0.102708 9.224200 -0.004914 -0.102644 0.994706 0.000000 0.000000 0.000000 0.000000 1.000000
0.999876 -0.015404 0.003360 0.000000 0.014938 0.993734 0.110767 9.224200 -0.005045 -0.110703 0.993841 0.000000 0.000000 0.000000 0.000000 1.000000
0.999878 -0.015459 0.002271 -0.000000 0.015084 0.992933 0.117711 9.224200 -0.004074 -0.117663 0.993045 0.000000 0.000000 0.000000 0.000000 1.000000
0.999877 -0.015625 0.001342 -0.000000 0.015337 0.992115 0.124385 9.224200 -0.003275 -0.124350 0.992233 0.000000 0.000000 0.000000 0.000000 1.000000
0.999919 -0.012675 0.000838 0.000000 0.012460 0.991528 0.129296 9.224200 -0.002469 -0.129275 0.991606 0.000000 0.000000 0.000000 0.000000 1.000000
0.999958 -0.009184 0.000569 0.000000 0.009027 0.991083 0.132942 9.224200 -0.001785 -0.132931 0.991124 0.000000 0.000000 0.000000 0.000000 1.000000
0.999952 -0.009801 0.000690 0.000000 0.009612 0.990405 0.137864 9.224200 -0.002035 -0.137850 0.990451 0.000000 0.000000 0.000000 0.000000 1.000000
0.999955 -0.009411 0.000766 -0.000000 0.009205 0.989655 0.143173 9.224200 -0.002106 -0.143160 0.989697 0.000000 0.000000 0.000000 0.000000 1.000000
0.999986 -0.005173 0.000893 0.000000 0.004984 0.989020 0.147698 9.224200 -0.001648 -0.147691 0.989032 0.000000 0.000000 0.000000 0.000000 1.000000
0.999984 -0.005430 0.001586 -0.000000 0.005127 0.988382 0.151901 9.224200 -0.002392 -0.151891 0.988394 -0.000000 0.000000 0.000000 0.000000 1.000000
0.999943 -0.010323 0.002589 -0.000000 0.009790 0.987590 0.156747 9.224200 -0.004175 -0.156712 0.987635 0.000000 0.000000 0.000000 0.000000 1.000000
0.999932 -0.011142 0.003413 0.000000 0.010445 0.986833 0.161402 9.224200 -0.005166 -0.161355 0.986883 0.000000 0.000000 0.000000 0.000000 1.000000
0.999950 -0.008960 0.004404 0.000000 0.008118 0.986465 0.163773 9.224200 -0.005812 -0.163730 0.986488 0.000000 0.000000 0.000000 0.000000 1.000000
0.999948 -0.008873 0.005080 0.000000 0.007922 0.986489 0.163639 9.224200 -0.006463 -0.163590 0.986507 0.000000 0.000000 0.000000 0.000000 1.000000
0.999951 -0.008569 0.004976 0.000000 0.007664 0.987118 0.159808 9.224200 -0.006282 -0.159762 0.987136 0.000000 0.000000 0.000000 0.000000 1.000000
0.999966 -0.006864 0.004544 0.000000 0.006097 0.988435 0.151525 9.224200 -0.005531 -0.151492 0.988443 0.000000 0.000000 0.000000 0.000000 1.000000
0.999968 -0.006585 0.004568 0.000000 0.005882 0.990169 0.139751 9.224200 -0.005444 -0.139720 0.990176 0.000000 0.000000 0.000000 0.000000 1.000000
0.999984 -0.003648 0.004264 0.000000 0.003078 0.991932 0.126736 9.224200 -0.004692 -0.126720 0.991927 0.000000 0.000000 0.000000 0.000000 1.000000
0.999994 -0.000055 0.003379 0.000000 -0.000313 0.994077 0.108682 9.224200 -0.003365 -0.108683 0.994071 0.000000 0.000000 0.000000 0.000000 1.000000
0.999996 -0.000632 0.002665 0.000000 0.000445 0.997578 0.069551 9.224200 -0.002703 -0.069549 0.997575 0.000000 0.000000 0.000000 0.000000 1.000000
0.999954 0.009574 0.000120 0.000000 -0.009573 0.999481 0.030774 9.224200 0.000174 -0.030773 0.999526 0.000000 0.000000 0.000000 0.000000 1.000000
0.999947 0.009701 -0.003430 -0.000000 -0.009680 0.999934 0.006243 9.224200 0.003490 -0.006210 0.999975 0.000000 0.000000 0.000000 0.000000 1.000000
0.999968 0.001591 -0.007890 0.000000 -0.001474 0.999888 0.014871 9.224200 0.007913 -0.014859 0.999858 0.000000 0.000000 0.000000 0.000000 1.000000
0.999950 0.002778 -0.009573 0.000000 -0.002155 0.997914 0.064515 9.224200 0.009732 -0.064491 0.997871 0.000000 0.000000 0.000000 0.000000 1.000000
0.999969 0.003094 -0.007268 0.000000 -0.002541 0.997191 0.074853 9.224200 0.007479 -0.074832 0.997168 0.000000 0.000000 0.000000 0.000000 1.000000
0.999773 -0.017963 -0.011426 0.000000 0.018138 0.999718 0.015342 9.224200 0.011147 -0.015546 0.999817 0.000000 0.000000 0.000000 0.000000 1.000000
0.998582 -0.051532 -0.013337 0.000000 0.050016 0.994103 -0.096213 9.224200 0.018216 0.095410 0.995271 0.000000 0.000000 0.000000 0.000000 1.000000
0.996482 -0.083735 -0.003452 -0.000000 0.081910 0.981823 -0.171213 9.224200 0.017726 0.170328 0.985228 0.000000 0.000000 0.000000 0.000000 1.000000
0.995587 -0.093835 0.001391 -0.000000 0.092862 0.982909 -0.158958 9.224200 0.013548 0.158385 0.987284 0.000000 0.000000 0.000000 0.000000 1.000000
0.998026 -0.062658 -0.004148 -0.000000 0.061907 0.992829 -0.102261 9.224200 0.010526 0.101803 0.994749 0.000000 0.000000 0.000000 0.000000 1.000000
0.999516 -0.029543 -0.009727 -0.000000 0.028895 0.997712 -0.061123 9.224200 0.011511 0.060812 0.998083 0.000000 0.000000 0.000000 0.000000 1.000000
0.999615 -0.025508 -0.010921 0.000000 0.024969 0.998586 -0.046922 9.224200 0.012103 0.046631 0.998839 -0.000000 0.000000 0.000000 0.000000 1.000000
0.999428 -0.032800 -0.008233 0.000000 0.032348 0.998225 -0.049995 9.224200 0.009858 0.049700 0.998716 0.000000 0.000000 0.000000 0.000000 1.000000
0.999589 -0.027942 -0.006431 -0.000000 0.027488 0.997685 -0.062198 9.224200 0.008154 0.061996 0.998043 0.000000 0.000000 0.000000 0.000000 1.000000
0.999862 -0.015264 -0.006569 0.000000 0.014746 0.997237 -0.072805 9.224200 0.007662 0.072698 0.997325 0.000000 0.000000 0.000000 0.000000 1.000000
0.999969 -0.002681 -0.007369 0.000000 0.002073 0.996685 -0.081328 9.224200 0.007563 0.081310 0.996660 -0.000000 0.000000 0.000000 0.000000 1.000000
0.999962 0.002298 -0.008443 -0.000000 -0.003006 0.996392 -0.084818 9.224200 0.008218 0.084840 0.996361 0.000000 0.000000 0.000000 0.000000 1.000000
0.999956 -0.000465 -0.009361 -0.000000 -0.000334 0.996374 -0.085085 9.224200 0.009367 0.085084 0.996330 -0.000000 0.000000 0.000000 0.000000 1.000000
0.999938 -0.006488 -0.009067 0.000000 0.005635 0.995820 -0.091163 9.224200 0.009621 0.091106 0.995795 0.000000 0.000000 0.000000 0.000000 1.000000
0.999969 -0.006085 -0.004990 -0.000000 0.005497 0.993870 -0.110416 9.224200 0.005631 0.110385 0.993873 0.000000 0.000000 0.000000 0.000000 1.000000
0.999953 0.009430 0.002379 0.000000 -0.009012 0.990413 -0.137846 9.224200 -0.003656 0.137818 0.990451 0.000000 0.000000 0.000000 0.000000 1.000000
0.999610 0.024892 0.012696 0.000000 -0.022475 0.986202 -0.164012 9.224200 -0.016604 0.163662 0.986377 0.000000 0.000000 0.000000 0.000000 1.000000
0.998991 0.036973 0.025476 0.000000 -0.031411 0.980916 -0.191880 9.224200 -0.032084 0.190886 0.981088 0.000000 0.000000 0.000000 0.000000 1.000000
0.997611 0.060715 0.032963 0.000000 -0.052165 0.974823 -0.216793 9.224200 -0.045296 0.214555 0.975661 -0.000000 0.000000 0.000000 0.000000 1.000000
0.995144 0.091584 0.036074 0.000000 -0.080153 0.966687 -0.243088 9.224200 -0.057136 0.239016 0.969333 0.000000 0.000000 0.000000 0.000000 1.000000
0.991981 0.118874 0.042926 0.000000 -0.102747 0.956281 -0.273807 9.224200 -0.073598 0.267201 0.960826 0.000000 0.000000 0.000000 0.000000 1.000000
0.987184 0.150606 0.052769 0.000000 -0.129131 0.948161 -0.290371 9.224200 -0.093765 0.279835 0.955458 -0.000000 0.000000 0.000000 0.000000 1.000000</float_array>
        <technique_common>
          <accessor source="#mixamorig_Spine1-Matrix-animation-output-transform-array" count="69" stride="16">
            <param type="float4x4"/>
          </accessor>
        </technique_common>
      </source>
      <source id="mixamorig_Spine1-Interpolations">
        <Name_array id="mixamorig_Spine1-Interpolations-array" count="69">
 LINEAR LINEAR LINEAR LINEAR LINEAR LINEAR LINEAR LINEAR LINEAR LINEAR LINEAR
LINEAR LINEAR LINEAR LINEAR LINEAR LINEAR LINEAR LINEAR LINEAR LINEAR LINEAR LINEAR
LINEAR LINEAR LINEAR LINEAR LINEAR LINEAR LINEAR LINEAR LINEAR LINEAR LINEAR LINEAR
LINEAR LINEAR LINEAR LINEAR LINEAR LINEAR LINEAR LINEAR LINEAR LINEAR LINEAR LINEAR
LINEAR LINEAR LINEAR LINEAR LINEAR LINEAR LINEAR LINEAR LINEAR LINEAR LINEAR LINEAR
LINEAR LINEAR LINEAR LINEAR LINEAR LINEAR LINEAR LINEAR LINEAR LINEAR</Name_array>
        <technique_common>
          <accessor source="#mixamorig_Spine1-Interpolations-array" count="69">
            <param type="name"/>
          </accessor>
        </technique_common>
      </source>
      <sampler id="mixamorig_Spine1-Matrix-animation-transform">
        <input semantic="INPUT" source="#mixamorig_Spine1-Matrix-animation-input"/>
        <input semantic="OUTPUT" source="#mixamorig_Spine1-Matrix-animation-output-transform"/>
        <input semantic="INTERPOLATION" source="#mixamorig_Spine1-Interpolations"/>
      </sampler>
      <channel source="#mixamorig_Spine1-Matrix-animation-transform" target="mixamorig_Spine1/matrix"/>
    </animation>
    <animation id="mixamorig_Spine2-anim" name="mixamorig_Spine2">
      <source id="mixamorig_Spine2-Matrix-animation-input">
        <float_array id="mixamorig_Spine2-Matrix-animation-input-array" count="69">

