<?xml version="1.0" encoding="utf-8"?>
<COLLADA xmlns="http://www.collada.org/2005/11/COLLADASchema" version="1.4.1">
  <asset>
    <contributor>
      <author>Mixamo</author>
      <authoring_tool>COLLADA Mixamo exporter</authoring_tool>
      <comments/>
    </contributor>
    <created>2024-10-27T18:29:41Z</created>
    <modified>2024-10-27T18:29:41Z</modified>
    <revision/>
    <title/>
    <unit meter="0.010000"/>
    <up_axis>Y_UP</up_axis>
  </asset>
  <library_animations>
    <animation id="mixamorig_Hips-anim" name="mixamorig_Hips">
      <source id="mixamorig_Hips-Matrix-animation-input">
        <float_array id="mixamorig_Hips-Matrix-animation-input-array" count="64">

0.000000 0.033333 0.066667 0.100000 0.133333 0.166667 0.200000 0.233333 0.266667 0.300000 0.333333 0.366667 0.400000 0.433333 0.466667 0.500000
0.533333 0.566667 0.600000 0.633333 0.666667 0.700000 0.733333 0.766667 0.800000 0.833333 0.866667 0.900000 0.933333 0.966667 1.000000 1.033333
1.066667 1.100000 1.133333 1.166667 1.200000 1.233333 1.266667 1.300000 1.333333 1.366667 1.400000 1.433333 1.466667 1.500000 1.533333 1.566667
1.600000 1.633333 1.666667 1.700000 1.733333 1.766667 1.800000 1.833333 1.866667 1.900000 1.933333 1.966667 2.000000 2.033333 2.066667 2.100000</float_array>
        <technique_common>
          <accessor source="#mixamorig_Hips-Matrix-animation-input-array" count="64">
            <param name="TIME" type="float"/>
          </accessor>
        </technique_common>
      </source>
      <source id="mixamorig_Hips-Matrix-animation-output-transform">
        <float_array id="mixamorig_Hips-Matrix-animation-output-transform-array" count="1024">

0.818360 -0.009148 -0.574633 0.921951 0.010330 0.999946 -0.001209 107.057320 0.574613 -0.004947 0.818410 -1.192122 0.000000 0.000000 0.000000 1.000000
0.820338 -0.006522 -0.571842 1.444409 0.008572 0.999963 0.000892 106.473198 0.571815 -0.005633 0.820363 -0.135915 0.000000 0.000000 0.000000 1.000000
0.820419 -0.002218 -0.571758 2.063602 0.008205 0.999935 0.007895 105.575684 0.571703 -0.011168 0.820384 1.089823 0.000000 0.000000 0.000000 1.000000
0.815479 0.001581 -0.578784 2.749729 0.011178 0.999767 0.018480 104.332825 0.578679 -0.021539 0.815271 2.687711 0.000000 0.000000 0.000000 1.000000
0.802848 0.001445 -0.596182 3.431082 0.019161 0.999418 0.028224 102.961967 0.595876 -0.034083 0.802353 4.759125 0.000000 0.000000 0.000000 1.000000
0.778158 -0.006079 -0.628039 4.083966 0.031250 0.999089 0.029050 101.778549 0.627290 -0.042232 0.777640 7.396429 0.000000 0.000000 0.000000 1.000000
0.741983 -0.022321 -0.670047 4.951497 0.047564 0.998680 0.019402 100.957397 0.668729 -0.046266 0.742065 10.352368 0.000000 0.000000 0.000000 1.000000
0.695219 -0.043030 -0.717509 5.986444 0.063422 0.997985 0.001602 100.417732 0.715995 -0.046620 0.696547 13.409196 0.000000 0.000000 0.000000 1.000000
0.644125 -0.057659 -0.762744 7.073262 0.066939 0.997578 -0.018883 100.006104 0.761985 -0.038894 0.646425 16.477854 0.000000 0.000000 0.000000 1.000000
0.605627 -0.056181 -0.793763 8.129401 0.044962 0.998327 -0.036354 99.454849 0.794477 -0.013672 0.607140 19.716722 0.000000 0.000000 0.000000 1.000000
0.600963 -0.039778 -0.798287 9.139120 0.001815 0.998826 -0.048404 98.662422 0.799275 0.027640 0.600329 23.379894 0.000000 0.000000 0.000000 1.000000
0.642338 -0.015745 -0.766260 10.080068 -0.042314 0.997536 -0.055968 97.822586 0.765252 0.068374 0.640089 27.525436 0.000000 0.000000 0.000000 1.000000
0.723975 0.007515 -0.689785 10.812857 -0.067649 0.995894 -0.060153 97.201836 0.686501 0.090212 0.721511 31.926266 0.000000 0.000000 0.000000 1.000000
0.823753 0.018558 -0.566645 11.024422 -0.064642 0.996021 -0.061352 96.754517 0.563251 0.087168 0.821675 36.028324 0.000000 0.000000 0.000000 1.000000
0.912994 0.014125 -0.407729 10.744764 -0.041943 0.997355 -0.059369 96.448845 0.405812 0.071305 0.911171 39.707325 0.000000 0.000000 0.000000 1.000000
0.970857 -0.000852 -0.239659 10.276192 -0.012218 0.998517 -0.053048 96.416527 0.239349 0.054430 0.969407 42.781586 0.000000 0.000000 0.000000 1.000000
0.994876 -0.019397 -0.099226 9.890382 0.015037 0.998896 -0.044501 96.665863 0.099979 0.042781 0.994069 45.131844 0.000000 0.000000 0.000000 1.000000
0.999026 -0.043410 -0.007900 9.565315 0.043038 0.998172 -0.042432 97.226479 0.009727 0.042051 0.999068 46.869343 0.000000 0.000000 0.000000 1.000000
0.995993 -0.073675 0.050701 9.093921 0.076322 0.995704 -0.052425 98.029167 -0.046621 0.056084 0.997337 48.393398 0.000000 0.000000 0.000000 1.000000
0.989275 -0.097499 0.108760 8.288818 0.105155 0.992195 -0.067014 98.876190 -0.101377 0.077732 0.991807 50.039474 0.000000 0.000000 0.000000 1.000000
0.980885 -0.098669 0.167719 7.197767 0.112426 0.990857 -0.074590 99.503700 -0.158826 0.092021 0.983009 51.664371 0.000000 0.000000 0.000000 1.000000
0.977610 -0.077640 0.195576 6.125488 0.093821 0.992770 -0.074867 99.957085 -0.188350 0.091540 0.977827 52.893707 0.000000 0.000000 0.000000 1.000000
0.984756 -0.045739 0.167823 5.371251 0.059198 0.995342 -0.076092 100.410278 -0.163561 0.084867 0.982876 53.572861 0.000000 0.000000 0.000000 1.000000
0.995924 -0.012233 0.089359 5.066757 0.019326 0.996691 -0.078947 100.810913 -0.088098 0.080352 0.992866 53.723560 0.000000 0.000000 0.000000 1.000000
0.999639 0.020642 -0.017201 5.168710 -0.021861 0.997017 -0.074018 100.915092 0.015622 0.074367 0.997109 53.277565 0.000000 0.000000 0.000000 1.000000
0.989499 0.053015 -0.134465 5.586745 -0.060868 0.996630 -0.054979 100.637848 0.131097 0.062587 0.989392 52.192596 0.000000 0.000000 0.000000 1.000000
0.963492 0.079502 -0.255661 6.260193 -0.088960 0.995705 -0.025628 100.093826 0.252525 0.047436 0.966427 50.654289 0.000000 0.000000 0.000000 1.000000
0.923871 0.093016 -0.371229 6.980906 -0.097786 0.995189 0.005998 99.350670 0.370001 0.030760 0.928522 48.956821 0.000000 0.000000 0.000000 1.000000
0.881146 0.094479 -0.463309 7.279012 -0.088981 0.995461 0.033769 98.555656 0.464397 0.011470 0.885553 47.197906 0.000000 0.000000 0.000000 1.000000
0.850244 0.089729 -0.518685 6.725951 -0.072377 0.995934 0.053647 97.925880 0.521389 -0.008072 0.853281 45.187412 0.000000 0.000000 0.000000 1.000000
0.838687 0.078717 -0.538896 5.297336 -0.053324 0.996614 0.062588 97.724068 0.541998 -0.023755 0.840044 42.704185 0.000000 0.000000 0.000000 1.000000
0.842997 0.058234 -0.534756 3.337412 -0.030669 0.997709 0.060302 98.056206 0.537043 -0.034434 0.842852 39.724396 0.000000 0.000000 0.000000 1.000000
0.856392 0.029603 -0.515476 1.333392 -0.003890 0.998697 0.050891 98.744614 0.516311 -0.041578 0.855391 36.393288 0.000000 0.000000 0.000000 1.000000
0.874425 -0.001527 -0.485159 -0.276792 0.024162 0.998891 0.040404 99.535583 0.484559 -0.047053 0.873492 32.939823 0.000000 0.000000 0.000000 1.000000
0.892985 -0.029881 -0.449093 -1.358271 0.050226 0.998177 0.033455 100.453209 0.447275 -0.052431 0.892858 29.504295 0.000000 0.000000 0.000000 1.000000
0.906451 -0.046538 -0.419739 -1.885348 0.065450 0.997382 0.030759 101.696869 0.417209 -0.055354 0.907123 26.363680 0.000000 0.000000 0.000000 1.000000
0.909762 -0.046206 -0.412551 -1.833914 0.062908 0.997654 0.026986 103.360687 0.410336 -0.050504 0.910535 23.715883 0.000000 0.000000 0.000000 1.000000
0.900077 -0.032857 -0.434490 -1.245407 0.043334 0.998959 0.014227 105.395020 0.433571 -0.031634 0.900564 21.508806 0.000000 0.000000 0.000000 1.000000
0.876982 -0.018630 -0.480162 -0.309163 0.015712 0.999826 -0.010096 107.506416 0.480267 0.001310 0.877121 19.554441 0.000000 0.000000 0.000000 1.000000
0.843373 -0.011548 -0.537205 0.697939 -0.012112 0.999106 -0.040492 109.202759 0.537192 0.040656 0.842479 17.748953 0.000000 0.000000 0.000000 1.000000
0.805319 -0.010078 -0.592756 1.591087 -0.037727 0.996958 -0.068206 110.232529 0.591640 0.077290 0.802489 16.113636 0.000000 0.000000 0.000000 1.000000
0.772463 -0.009830 -0.634984 2.406463 -0.059351 0.994387 -0.087595 110.715027 0.632281 0.105350 0.767543 14.659856 0.000000 0.000000 0.000000 1.000000
0.755703 -0.012786 -0.654790 3.114579 -0.067412 0.992980 -0.097190 110.760330 0.651436 0.117588 0.749536 13.191461 0.000000 0.000000 0.000000 1.000000
0.759616 -0.015964 -0.650176 3.638727 -0.061832 0.993398 -0.096630 110.475807 0.647426 0.113604 0.753614 11.579200 0.000000 0.000000 0.000000 1.000000
0.778705 -0.022206 -0.626997 3.654865 -0.042181 0.995259 -0.087637 109.761528 0.625970 0.094690 0.774077 9.672108 0.000000 0.000000 0.000000 1.000000
0.801134 -0.027377 -0.597858 3.169613 -0.021650 0.996974 -0.074665 108.863251 0.598093 0.072760 0.798117 7.595099 0.000000 0.000000 0.000000 1.000000
0.818207 -0.028547 -0.574215 2.328831 -0.008494 0.998057 -0.061722 107.912071 0.574862 0.055379 0.816374 5.469757 0.000000 0.000000 0.000000 1.000000
0.828496 -0.028145 -0.559287 1.309368 -0.000481 0.998700 -0.050969 107.048576 0.559995 0.042497 0.827406 3.295077 0.000000 0.000000 0.000000 1.000000
0.834324 -0.027926 -0.550567 0.350657 0.005078 0.999063 -0.042979 106.408203 0.551252 0.033062 0.833684 1.055622 0.000000 0.000000 0.000000 1.000000
0.837471 -0.027868 -0.545771 -0.320528 0.009224 0.999277 -0.036871 106.123550 0.546404 0.025844 0.837123 -1.181011 0.000000 0.000000 0.000000 1.000000
0.839044 -0.028695 -0.543307 -0.701194 0.013839 0.999411 -0.031413 106.245583 0.543888 0.018838 0.838946 -3.199434 0.000000 0.000000 0.000000 1.000000
0.841249 -0.030729 -0.539774 -0.994000 0.020063 0.999470 -0.025631 106.700752 0.540276 0.010733 0.841420 -4.852077 0.000000 0.000000 0.000000 1.000000
0.846840 -0.033116 -0.530815 -1.369126 0.027275 0.999450 -0.018840 107.331772 0.531147 0.001476 0.847278 -6.153950 0.000000 0.000000 0.000000 1.000000
0.855782 -0.033762 -0.516233 -1.723155 0.032114 0.999411 -0.012125 107.970314 0.516338 -0.006202 0.856362 -7.092815 0.000000 0.000000 0.000000 1.000000
0.863460 -0.034197 -0.503256 -1.870305 0.034464 0.999367 -0.008776 108.503044 0.503238 -0.009766 0.864093 -7.674289 0.000000 0.000000 0.000000 1.000000
0.864618 -0.036342 -0.501114 -1.813182 0.035582 0.999305 -0.011079 108.881546 0.501168 -0.008251 0.865310 -7.941668 0.000000 0.000000 0.000000 1.000000
0.857894 -0.038424 -0.512389 -1.638115 0.034409 0.999258 -0.017323 109.082054 0.512674 -0.002770 0.858579 -7.919163 0.000000 0.000000 0.000000 1.000000
0.846188 -0.036857 -0.531608 -1.381929 0.029452 0.999315 -0.022404 109.039833 0.532069 0.003301 0.846694 -7.554281 0.000000 0.000000 0.000000 1.000000
0.834240 -0.031370 -0.550508 -1.076120 0.022711 0.999488 -0.022538 108.878922 0.550934 0.006300 0.834525 -6.832531 0.000000 0.000000 0.000000 1.000000
0.824116 -0.023787 -0.565922 -0.724666 0.016806 0.999705 -0.017546 108.656227 0.566172 0.004949 0.824272 -5.788181 0.000000 0.000000 0.000000 1.000000
0.817691 -0.018006 -0.575375 -0.355858 0.014983 0.999838 -0.009996 108.407570 0.575462 -0.000447 0.817829 -4.608445 0.000000 0.000000 0.000000 1.000000
0.815565 -0.013225 -0.578514 0.060238 0.013452 0.999902 -0.003895 107.996689 0.578509 -0.004605 0.815663 -3.386727 0.000000 0.000000 0.000000 1.000000
0.816395 -0.010397 -0.577401 0.486118 0.011722 0.999930 -0.001432 107.510773 0.577376 -0.005599 0.816460 -2.238099 0.000000 0.000000 0.000000 1.000000
0.818360 -0.009148 -0.574633 0.921951 0.010330 0.999946 -0.001209 107.057320 0.574613 -0.004947 0.818410 -1.192121 0.000000 0.000000 0.000000 1.000000</float_array>
        <technique_common>
          <accessor source="#mixamorig_Hips-Matrix-animation-output-transform-array" count="64" stride="16">
            <param type="float4x4"/>
          </accessor>
        </technique_common>
      </source>
      <source id="mixamorig_Hips-Interpolations">
        <Name_array id="mixamorig_Hips-Interpolations-array" count="64">
 LINEAR LINEAR LINEAR LINEAR LINEAR LINEAR LINEAR LINEAR LINEAR LINEAR LINEAR
LINEAR LINEAR LINEAR LINEAR LINEAR LINEAR LINEAR LINEAR LINEAR LINEAR LINEAR LINEAR
LINEAR LINEAR LINEAR LINEAR LINEAR LINEAR LINEAR LINEAR LINEAR LINEAR LINEAR LINEAR
LINEAR LINEAR LINEAR LINEAR LINEAR LINEAR LINEAR LINEAR LINEAR LINEAR LINEAR LINEAR
LINEAR LINEAR LINEAR LINEAR LINEAR LINEAR LINEAR LINEAR LINEAR LINEAR LINEAR LINEAR
LINEAR LINEAR LINEAR LINEAR LINEAR</Name_array>
        <technique_common>
          <accessor source="#mixamorig_Hips-Interpolations-array" count="64">
            <param type="name"/>
          </accessor>
        </technique_common>
      </source>
      <sampler id="mixamorig_Hips-Matrix-animation-transform">
        <input semantic="INPUT" source="#mixamorig_Hips-Matrix-animation-input"/>
        <input semantic="OUTPUT" source="#mixamorig_Hips-Matrix-animation-output-transform"/>
        <input semantic="INTERPOLATION" source="#mixamorig_Hips-Interpolations"/>
      </sampler>
      <channel source="#mixamorig_Hips-Matrix-animation-transform" target="mixamorig_Hips/matrix"/>
    </animation>
    <animation id="mixamorig_Spine-anim" name="mixamorig_Spine">
      <source id="mixamorig_Spine-Matrix-animation-input">
        <float_array id="mixamorig_Spine-Matrix-animation-input-array" count="64">

0.000000 0.033333 0.066667 0.100000 0.133333 0.166667 0.200000 0.233333 0.266667 0.300000 0.333333 0.366667 0.400000 0.433333 0.466667 0.500000
0.533333 0.566667 0.600000 0.633333 0.666667 0.700000 0.733333 0.766667 0.800000 0.833333 0.866667 0.900000 0.933333 0.966667 1.000000 1.033333
1.066667 1.100000 1.133333 1.166667 1.200000 1.233333 1.266667 1.300000 1.333333 1.366667 1.400000 1.433333 1.466667 1.500000 1.533333 1.566667
1.600000 1.633333 1.666667 1.700000 1.733333 1.766667 1.800000 1.833333 1.866667 1.900000 1.933333 1.966667 2.000000 2.033333 2.066667 2.100000</float_array>
        <technique_common>
          <accessor source="#mixamorig_Spine-Matrix-animation-input-array" count="64">
            <param name="TIME" type="float"/>
          </accessor>
        </technique_common>
      </source>
      <source id="mixamorig_Spine-Matrix-animation-output-transform">
        <float_array id="mixamorig_Spine-Matrix-animation-output-transform-array" count="1024">

0.992348 -0.003062 0.123437 -0.000000 0.028602 0.978202 -0.205678 13.214800 -0.120117 0.207635 0.970804 0.000000 0.000000 0.000000 0.000000 1.000000
0.992283 -0.001190 0.123984 -0.000000 0.028132 0.976037 -0.215777 13.214800 -0.120757 0.217600 0.968539 0.000000 0.000000 0.000000 0.000000 1.000000
0.991834 -0.002020 0.127517 -0.000000 0.031660 0.972475 -0.230848 13.214800 -0.123540 0.233001 0.964598 0.000000 0.000000 0.000000 0.000000 1.000000
0.990823 -0.002495 0.135146 0.000000 0.036726 0.967187 -0.251398 13.214800 -0.130084 0.254054 0.958402 0.000000 0.000000 0.000000 0.000000 1.000000
0.988936 -0.001418 0.148334 0.000000 0.041700 0.962288 -0.268818 13.214800 -0.142359 0.272029 0.951701 0.000000 0.000000 0.000000 0.000000 1.000000
0.986784 0.000519 0.162039 0.000000 0.045147 0.959518 -0.278006 13.214800 -0.155624 0.281647 0.946814 0.000000 0.000000 0.000000 0.000000 1.000000
0.985622 0.007648 0.168793 0.000000 0.040789 0.958661 -0.281612 13.214800 -0.163969 0.284448 0.944565 0.000000 0.000000 0.000000 0.000000 1.000000
0.986801 0.022537 0.160360 0.000000 0.024543 0.958015 -0.285666 13.214800 -0.160066 0.285831 0.944817 0.000000 0.000000 0.000000 0.000000 1.000000
0.990752 0.037436 0.130415 0.000000 0.001944 0.957168 -0.289526 13.214800 -0.135668 0.287102 0.948244 0.000000 0.000000 0.000000 0.000000 1.000000
0.996419 0.037752 0.075652 0.000000 -0.014724 0.958585 -0.284425 13.214800 -0.083256 0.282293 0.955709 -0.000000 0.000000 0.000000 0.000000 1.000000
0.999737 0.022744 -0.003006 0.000000 -0.022716 0.963016 -0.268483 13.214800 -0.003211 0.268481 0.963280 -0.000000 0.000000 0.000000 0.000000 1.000000
0.995662 0.011352 -0.092352 0.000000 -0.034621 0.966465 -0.254455 13.214800 0.086366 0.256549 0.962665 -0.000000 0.000000 0.000000 0.000000 1.000000
0.985928 0.023942 -0.165450 0.000000 -0.066440 0.964290 -0.256379 13.214800 0.153404 0.263763 0.952311 0.000000 0.000000 0.000000 0.000000 1.000000
0.977615 0.066666 -0.199562 0.000000 -0.121134 0.953849 -0.274768 13.214800 0.172035 0.292791 0.940573 -0.000000 0.000000 0.000000 0.000000 1.000000
0.975744 0.119005 -0.183744 0.000000 -0.171623 0.936898 -0.304579 13.214800 0.135903 0.328725 0.934596 0.000000 0.000000 0.000000 0.000000 1.000000
0.983327 0.142730 -0.112681 0.000000 -0.173598 0.921304 -0.347940 13.214800 0.054152 0.361700 0.930720 0.000000 0.000000 0.000000 0.000000 1.000000
0.992346 0.123092 0.009924 0.000000 -0.108518 0.907559 -0.405661 13.214800 -0.058940 0.401479 0.913970 0.000000 0.000000 0.000000 0.000000 1.000000
0.983244 0.100572 0.152043 0.000000 -0.022321 0.894188 -0.447135 13.214800 -0.180925 0.436249 0.881449 0.000000 0.000000 0.000000 0.000000 1.000000
0.958772 0.110278 0.261906 -0.000000 0.023039 0.888435 -0.458423 13.214800 -0.283240 0.445557 0.849266 0.000000 0.000000 0.000000 0.000000 1.000000
0.939863 0.146953 0.308321 -0.000000 0.010316 0.890084 -0.455681 13.214800 -0.341395 0.431458 0.835041 -0.000000 0.000000 0.000000 0.000000 1.000000
0.936918 0.183359 0.297598 0.000000 -0.028287 0.888354 -0.458287 13.214800 -0.348403 0.420959 0.837501 0.000000 0.000000 0.000000 0.000000 1.000000
0.944214 0.204463 0.258175 0.000000 -0.061675 0.879847 -0.471238 13.214800 -0.323505 0.429026 0.843375 0.000000 0.000000 0.000000 0.000000 1.000000
0.951807 0.217858 0.215872 -0.000000 -0.090630 0.872219 -0.480646 13.214800 -0.293000 0.437918 0.849929 0.000000 0.000000 0.000000 0.000000 1.000000
0.956666 0.230544 0.177876 0.000000 -0.121774 0.871636 -0.474786 13.214800 -0.264502 0.432551 0.861938 -0.000000 0.000000 0.000000 0.000000 1.000000
0.962415 0.233219 0.139165 0.000000 -0.145274 0.875031 -0.461754 13.214800 -0.229464 0.424182 0.876023 -0.000000 0.000000 0.000000 0.000000 1.000000
0.970802 0.218815 0.098305 0.000000 -0.151466 0.876922 -0.456141 13.214800 -0.186016 0.427933 0.884461 0.000000 0.000000 0.000000 0.000000 1.000000
0.978742 0.194803 0.064157 0.000000 -0.144090 0.875716 -0.460825 13.214800 -0.145953 0.441785 0.885169 -0.000000 0.000000 0.000000 0.000000 1.000000
0.983940 0.172267 0.046761 0.000000 -0.130708 0.873741 -0.468500 13.214800 -0.121564 0.454864 0.882225 0.000000 0.000000 0.000000 0.000000 1.000000
0.987023 0.153712 0.046463 -0.000000 -0.113942 0.874282 -0.471856 13.214800 -0.113151 0.460438 0.880451 0.000000 0.000000 0.000000 0.000000 1.000000
0.988904 0.137186 0.057005 0.000000 -0.095121 0.879467 -0.466358 13.214800 -0.114112 0.455761 0.882757 0.000000 0.000000 0.000000 0.000000 1.000000
0.989588 0.124360 0.072465 0.000000 -0.078760 0.889268 -0.450555 13.214800 -0.120472 0.440156 0.889803 -0.000000 0.000000 0.000000 0.000000 1.000000
0.989327 0.114957 0.089536 0.000000 -0.066206 0.902024 -0.426580 13.214800 -0.129802 0.416099 0.900007 0.000000 0.000000 0.000000 0.000000 1.000000
0.989412 0.100605 0.104608 0.000000 -0.050932 0.915605 -0.398840 13.214800 -0.135905 0.389289 0.911035 0.000000 0.000000 0.000000 0.000000 1.000000
0.990980 0.075114 0.110984 0.000000 -0.028608 0.927639 -0.372380 13.214800 -0.130924 0.365846 0.921420 0.000000 0.000000 0.000000 0.000000 1.000000
0.993388 0.048854 0.103892 0.000000 -0.008808 0.934704 -0.355318 13.214800 -0.114467 0.352053 0.928954 0.000000 0.000000 0.000000 0.000000 1.000000
0.995455 0.031512 0.089864 0.000000 0.002415 0.935007 -0.354621 13.214800 -0.095198 0.353227 0.930682 0.000000 0.000000 0.000000 0.000000 1.000000
0.996476 0.021461 0.081085 0.000000 0.009632 0.931041 -0.364788 13.214800 -0.083322 0.364283 0.927553 0.000000 0.000000 0.000000 0.000000 1.000000
0.996419 0.013273 0.083503 0.000000 0.018657 0.928741 -0.370259 13.214800 -0.082468 0.370491 0.925168 0.000000 0.000000 0.000000 0.000000 1.000000
0.995747 0.006800 0.091874 0.000000 0.026831 0.932632 -0.359831 13.214800 -0.088131 0.360766 0.928483 -0.000000 0.000000 0.000000 0.000000 1.000000
0.995168 0.003239 0.098132 0.000000 0.029813 0.942299 -0.333442 13.214800 -0.093550 0.334757 0.937649 0.000000 0.000000 0.000000 0.000000 1.000000
0.994946 0.000853 0.100411 -0.000000 0.029385 0.953715 -0.299273 13.214800 -0.096018 0.300711 0.948869 -0.000000 0.000000 0.000000 0.000000 1.000000
0.995014 -0.004346 0.099645 0.000000 0.031078 0.962821 -0.268345 13.214800 -0.094774 0.270104 0.958155 -0.000000 0.000000 0.000000 0.000000 1.000000
0.995540 -0.005413 0.094180 0.000000 0.029072 0.967364 -0.251717 13.214800 -0.089744 0.253332 0.963208 0.000000 0.000000 0.000000 0.000000 1.000000
0.996228 0.000774 0.086771 0.000000 0.021299 0.967188 -0.253165 13.214800 -0.084120 0.254059 0.963524 0.000000 0.000000 0.000000 0.000000 1.000000
0.996661 0.015950 0.080075 0.000000 0.005768 0.964528 -0.263918 13.214800 -0.081444 0.263498 0.961216 -0.000000 0.000000 0.000000 0.000000 1.000000
0.996469 0.026512 0.079665 0.000000 -0.004054 0.962923 -0.269745 13.214800 -0.083862 0.268469 0.959631 0.000000 0.000000 0.000000 0.000000 1.000000
0.995721 0.027157 0.088335 0.000000 -0.002656 0.963865 -0.266377 13.214800 -0.092377 0.265003 0.959813 0.000000 0.000000 0.000000 0.000000 1.000000
0.994281 0.021959 0.104510 -0.000000 0.005857 0.965945 -0.258681 13.214800 -0.106631 0.257814 0.960293 0.000000 0.000000 0.000000 0.000000 1.000000
0.992174 0.010160 0.124447 0.000000 0.021664 0.967559 -0.251713 13.214800 -0.122968 0.252439 0.959767 0.000000 0.000000 0.000000 0.000000 1.000000
0.989673 -0.010364 0.142970 0.000000 0.045896 0.967789 -0.247546 13.214800 -0.135799 0.251551 0.958270 0.000000 0.000000 0.000000 0.000000 1.000000
0.987384 -0.031174 0.155247 0.000000 0.068974 0.967203 -0.244462 13.214800 -0.142534 0.252086 0.957150 0.000000 0.000000 0.000000 0.000000 1.000000
0.986582 -0.039786 0.158343 0.000000 0.077534 0.967685 -0.239947 13.214800 -0.143679 0.249004 0.957786 0.000000 0.000000 0.000000 0.000000 1.000000
0.987843 -0.035754 0.151291 0.000000 0.070932 0.969646 -0.233997 13.214800 -0.138332 0.241883 0.960394 -0.000000 0.000000 0.000000 0.000000 1.000000
0.990027 -0.030689 0.137491 0.000000 0.061665 0.971919 -0.227093 13.214800 -0.126661 0.233307 0.964119 0.000000 0.000000 0.000000 0.000000 1.000000
0.991756 -0.029205 0.124766 0.000000 0.056150 0.974270 -0.218279 13.214800 -0.115181 0.223485 0.967878 0.000000 0.000000 0.000000 0.000000 1.000000
0.992351 -0.027469 0.120354 0.000000 0.052157 0.976933 -0.207079 13.214800 -0.111889 0.211772 0.970893 0.000000 0.000000 0.000000 0.000000 1.000000
0.991898 -0.023960 0.124758 0.000000 0.048293 0.979444 -0.195851 13.214800 -0.117500 0.200289 0.972665 -0.000000 0.000000 0.000000 0.000000 1.000000
0.991003 -0.022057 0.132007 0.000000 0.046852 0.981090 -0.187798 13.214800 -0.125368 0.192294 0.973296 -0.000000 0.000000 0.000000 0.000000 1.000000
0.990397 -0.024334 0.136096 -0.000000 0.049407 0.981680 -0.184019 13.214800 -0.129125 0.188976 0.973455 -0.000000 0.000000 0.000000 0.000000 1.000000
0.990338 -0.028477 0.135722 0.000000 0.053443 0.981467 -0.184030 13.214800 -0.127966 0.189505 0.973505 0.000000 0.000000 0.000000 0.000000 1.000000
0.990835 -0.027358 0.132278 -0.000000 0.052109 0.980888 -0.187463 13.214800 -0.124621 0.192638 0.973324 0.000000 0.000000 0.000000 0.000000 1.000000
0.991627 -0.017842 0.127896 0.000000 0.042491 0.980340 -0.192688 13.214800 -0.121944 0.196509 0.972890 0.000000 0.000000 0.000000 0.000000 1.000000
0.992118 -0.009216 0.124968 0.000000 0.034102 0.979508 -0.198497 13.214800 -0.120578 0.201194 0.972102 0.000000 0.000000 0.000000 0.000000 1.000000
0.992348 -0.003062 0.123437 0.000000 0.028602 0.978202 -0.205678 13.214800 -0.120117 0.207635 0.970804 0.000000 0.000000 0.000000 0.000000 1.000000</float_array>
        <technique_common>
          <accessor source="#mixamorig_Spine-Matrix-animation-output-transform-array" count="64" stride="16">
            <param type="float4x4"/>
          </accessor>
        </technique_common>
      </source>
      <source id="mixamorig_Spine-Interpolations">
        <Name_array id="mixamorig_Spine-Interpolations-array" count="64">
 LINEAR LINEAR LINEAR LINEAR LINEAR LINEAR LINEAR LINEAR LINEAR LINEAR LINEAR
LINEAR LINEAR LINEAR LINEAR LINEAR LINEAR LINEAR LINEAR LINEAR LINEAR LINEAR LINEAR
LINEAR LINEAR LINEAR LINEAR LINEAR LINEAR LINEAR LINEAR LINEAR LINEAR LINEAR LINEAR
LINEAR LINEAR LINEAR LINEAR LINEAR LINEAR LINEAR LINEAR LINEAR LINEAR LINEAR LINEAR
LINEAR LINEAR LINEAR LINEAR LINEAR LINEAR LINEAR LINEAR LINEAR LINEAR LINEAR LINEAR
LINEAR LINEAR LINEAR LINEAR LINEAR</Name_array>
        <technique_common>
          <accessor source="#mixamorig_Spine-Interpolations-array" count="64">
            <param type="name"/>
          </accessor>
        </technique_common>
      </source>
      <sampler id="mixamorig_Spine-Matrix-animation-transform">
        <input semantic="INPUT" source="#mixamorig_Spine-Matrix-animation-input"/>
        <input semantic="OUTPUT" source="#mixamorig_Spine-Matrix-animation-output-transform"/>
        <input semantic="INTERPOLATION" source="#mixamorig_Spine-Interpolations"/>
      </sampler>
      <channel source="#mixamorig_Spine-Matrix-animation-transform" target="mixamorig_Spine/matrix"/>
    </animation>
    <animation id="mixamorig_Spine1-anim" name="mixamorig_Spine1">
      <source id="mixamorig_Spine1-Matrix-animation-input">
        <float_array id="mixamorig_Spine1-Matrix-animation-input-array" count="64">

0.000000 0.033333 0.066667 0.100000 0.133333 0.166667 0.200000 0.233333 0.266667 0.300000 0.333333 0.366667 0.400000 0.433333 0.466667 0.500000
0.533333 0.566667 0.600000 0.633333 0.666667 0.700000 0.733333 0.766667 0.800000 0.833333 0.866667 0.900000 0.933333 0.966667 1.000000 1.033333
1.066667 1.100000 1.133333 1.166667 1.200000 1.233333 1.266667 1.300000 1.333333 1.366667 1.400000 1.433333 1.466667 1.500000 1.533333 1.566667
1.600000 1.633333 1.666667 1.700000 1.733333 1.766667 1.800000 1.833333 1.866667 1.900000 1.933333 1.966667 2.000000 2.033333 2.066667 2.100000</float_array>
        <technique_common>
          <accessor source="#mixamorig_Spine1-Matrix-animation-input-array" count="64">
            <param name="TIME" type="float"/>
          </accessor>
        </technique_common>
      </source>
      <source id="mixamorig_Spine1-Matrix-animation-output-transform">
        <float_array id="mixamorig_Spine1-Matrix-animation-output-transform-array" count="1024">

0.999741 0.015808 0.016382 0.000000 -0.015172 0.999154 -0.038212 9.224200 -0.016972 0.037953 0.999135 0.000000 0.000000 0.000000 0.000000 1.000000
0.999784 0.012723 0.016427 0.000000 -0.012119 0.999265 -0.036358 9.224200 -0.016877 0.036151 0.999204 -0.000000 0.000000 0.000000 0.000000 1.000000
0.999801 0.010759 0.016788 0.000000 -0.010181 0.999365 -0.034151 9.224200 -0.017145 0.033973 0.999276 -0.000000 0.000000 0.000000 0.000000 1.000000
0.999790 0.010491 0.017623 0.000000 -0.009924 0.999441 -0.031937 9.224200 -0.017948 0.031756 0.999334 -0.000000 0.000000 0.000000 0.000000 1.000000
0.999716 0.013987 0.019320 0.000000 -0.013387 0.999435 -0.030846 9.224200 -0.019740 0.030578 0.999337 -0.000000 0.000000 0.000000 0.000000 1.000000
0.999571 0.020089 0.021300 0.000000 -0.019445 0.999361 -0.030006 9.224200 -0.021889 0.029579 0.999323 0.000000 0.000000 0.000000 0.000000 1.000000
0.999398 0.026345 0.022563 0.000000 -0.025705 0.999272 -0.028186 9.224200 -0.023289 0.027589 0.999348 0.000000 0.000000 0.000000 0.000000 1.000000
0.999318 0.029727 0.021918 0.000000 -0.029199 0.999285 -0.024033 9.224200 -0.022617 0.023376 0.999471 0.000000 0.000000 0.000000 0.000000 1.000000
0.999433 0.028291 0.018271 0.000000 -0.027954 0.999439 -0.018441 9.224200 -0.018783 0.017920 0.999663 -0.000000 0.000000 0.000000 0.000000 1.000000
0.999707 0.021688 0.010749 0.000000 -0.021524 0.999653 -0.015203 9.224200 -0.011075 0.014968 0.999827 0.000000 0.000000 0.000000 0.000000 1.000000
0.999938 0.011087 -0.000525 0.000000 -0.011094 0.999814 -0.015799 9.224200 0.000350 0.015804 0.999875 -0.000000 0.000000 0.000000 0.000000 1.000000
0.999902 -0.003900 -0.013419 0.000000 0.003685 0.999866 -0.015966 9.224200 0.013480 0.015915 0.999782 0.000000 0.000000 0.000000 0.000000 1.000000
0.999418 -0.024051 -0.024197 -0.000000 0.023790 0.999656 -0.011045 9.224200 0.024454 0.010463 0.999646 0.000000 0.000000 0.000000 0.000000 1.000000
0.998535 -0.045413 -0.029413 -0.000000 0.045366 0.998968 -0.002264 9.224200 0.029486 0.000926 0.999565 -0.000000 0.000000 0.000000 0.000000 1.000000
0.997883 -0.059069 -0.027220 0.000000 0.059213 0.998235 0.004545 9.224200 0.026903 -0.006148 0.999619 0.000000 0.000000 0.000000 0.000000 1.000000
0.998332 -0.055184 -0.016966 -0.000000 0.055293 0.998452 0.006016 9.224200 0.016607 -0.006944 0.999838 0.000000 0.000000 0.000000 0.000000 1.000000
0.999360 -0.035774 0.000289 -0.000000 0.035772 0.999346 0.005190 9.224200 -0.000475 -0.005177 0.999986 0.000000 0.000000 0.000000 0.000000 1.000000
0.999662 -0.016223 0.020326 0.000000 0.016223 0.999868 0.000148 9.224200 -0.020326 0.000182 0.999793 0.000000 0.000000 0.000000 0.000000 1.000000
0.999304 -0.007208 0.036589 0.000000 0.007494 0.999942 -0.007692 9.224200 -0.036532 0.007961 0.999301 -0.000000 0.000000 0.000000 0.000000 1.000000
0.998973 -0.009746 0.044251 0.000000 0.010362 0.999852 -0.013714 9.224200 -0.044111 0.014159 0.998926 -0.000000 0.000000 0.000000 0.000000 1.000000
0.998908 -0.017286 0.043415 0.000000 0.017991 0.999711 -0.015916 9.224200 -0.043127 0.016680 0.998930 -0.000000 0.000000 0.000000 0.000000 1.000000
0.998998 -0.023396 0.038144 0.000000 0.024009 0.999589 -0.015695 9.224200 -0.037761 0.016595 0.999149 0.000000 0.000000 0.000000 0.000000 1.000000
0.999079 -0.028227 0.032305 0.000000 0.028741 0.999466 -0.015545 9.224200 -0.031849 0.016459 0.999357 0.000000 0.000000 0.000000 0.000000 1.000000
0.999107 -0.032504 0.026998 0.000000 0.032942 0.999330 -0.015945 9.224200 -0.026462 0.016820 0.999508 -0.000000 0.000000 0.000000 0.000000 1.000000
0.999215 -0.033232 0.021562 0.000000 0.033549 0.999332 -0.014508 9.224200 -0.021065 0.015219 0.999662 0.000000 0.000000 0.000000 0.000000 1.000000
0.999474 -0.028255 0.015948 0.000000 0.028399 0.999557 -0.008864 9.224200 -0.015690 0.009312 0.999834 -0.000000 0.000000 0.000000 0.000000 1.000000
0.999748 -0.019263 0.011545 -0.000000 0.019255 0.999814 0.000783 9.224200 -0.011558 -0.000560 0.999933 0.000000 0.000000 0.000000 0.000000 1.000000
0.999907 -0.009653 0.009648 -0.000000 0.009547 0.999895 0.010946 9.224200 -0.009753 -0.010853 0.999894 0.000000 0.000000 0.000000 0.000000 1.000000
0.999949 -0.001724 0.009954 0.000000 0.001558 0.999859 0.016721 9.224200 -0.009981 -0.016705 0.999811 -0.000000 0.000000 0.000000 0.000000 1.000000
0.999931 0.003369 0.011244 0.000000 -0.003544 0.999873 0.015554 9.224200 -0.011190 -0.015593 0.999816 0.000000 0.000000 0.000000 0.000000 1.000000
0.999901 0.005796 0.012806 0.000000 -0.005903 0.999948 0.008368 9.224200 -0.012757 -0.008443 0.999883 -0.000000 0.000000 0.000000 0.000000 1.000000
0.999862 0.008046 0.014532 -0.000000 -0.008001 0.999963 -0.003128 9.224200 -0.014557 0.003011 0.999890 0.000000 0.000000 0.000000 0.000000 1.000000
0.999771 0.014138 0.016088 -0.000000 -0.013857 0.999752 -0.017439 9.224200 -0.016331 0.017212 0.999718 -0.000000 0.000000 0.000000 0.000000 1.000000
0.999550 0.025014 0.016559 -0.000000 -0.024488 0.999213 -0.031199 9.224200 -0.017326 0.030779 0.999376 0.000000 0.000000 0.000000 0.000000 1.000000
0.999280 0.034667 0.015404 0.000000 -0.034051 0.998674 -0.038600 9.224200 -0.016722 0.038047 0.999136 -0.000000 0.000000 0.000000 0.000000 1.000000
0.999247 0.036417 0.013370 -0.000000 -0.035907 0.998686 -0.036563 9.224200 -0.014684 0.036056 0.999242 -0.000000 0.000000 0.000000 0.000000 1.000000
0.999457 0.030789 0.011762 0.000000 -0.030426 0.999088 -0.029952 9.224200 -0.012673 0.029578 0.999482 0.000000 0.000000 0.000000 0.000000 1.000000
0.999674 0.022886 0.011340 0.000000 -0.022578 0.999392 -0.026570 9.224200 -0.011941 0.026306 0.999583 0.000000 0.000000 0.000000 0.000000 1.000000
0.999799 0.016216 0.011826 -0.000000 -0.015868 0.999455 -0.028955 9.224200 -0.012289 0.028761 0.999511 -0.000000 0.000000 0.000000 0.000000 1.000000
0.999862 0.011021 0.012463 -0.000000 -0.010586 0.999351 -0.034430 9.224200 -0.012834 0.034294 0.999329 0.000000 0.000000 0.000000 0.000000 1.000000
0.999894 0.006752 0.012884 0.000000 -0.006234 0.999188 -0.039806 9.224200 -0.013142 0.039722 0.999124 0.000000 0.000000 0.000000 0.000000 1.000000
0.999908 0.004204 0.012904 0.000000 -0.003660 0.999114 -0.041933 9.224200 -0.013069 0.041882 0.999037 0.000000 0.000000 0.000000 0.000000 1.000000
0.999921 0.002798 0.012289 0.000000 -0.002331 0.999281 -0.037840 9.224200 -0.012386 0.037809 0.999208 0.000000 0.000000 0.000000 0.000000 1.000000
0.999936 0.000590 0.011255 0.000000 -0.000268 0.999592 -0.028556 9.224200 -0.011267 0.028551 0.999529 0.000000 0.000000 0.000000 0.000000 1.000000
0.999944 -0.001604 0.010493 0.000000 0.001815 0.999797 -0.020077 9.224200 -0.010458 0.020095 0.999743 0.000000 0.000000 0.000000 0.000000 1.000000
0.999943 -0.000809 0.010622 0.000000 0.000993 0.999850 -0.017301 9.224200 -0.010607 0.017310 0.999794 0.000000 0.000000 0.000000 0.000000 1.000000
0.999924 0.003279 0.011860 0.000000 -0.003052 0.999813 -0.019089 9.224200 -0.011920 0.019052 0.999747 0.000000 0.000000 0.000000 0.000000 1.000000
0.999859 0.009219 0.014054 -0.000000 -0.008911 0.999722 -0.021829 9.224200 -0.014251 0.021701 0.999663 0.000000 0.000000 0.000000 0.000000 1.000000
0.999708 0.017422 0.016731 -0.000000 -0.017013 0.999561 -0.024251 9.224200 -0.017146 0.023959 0.999566 0.000000 0.000000 0.000000 0.000000 1.000000
0.999405 0.028656 0.019175 -0.000000 -0.028133 0.999239 -0.027000 9.224200 -0.019934 0.026445 0.999452 0.000000 0.000000 0.000000 0.000000 1.000000
0.999012 0.039315 0.020716 -0.000000 -0.038661 0.998770 -0.031041 9.224200 -0.021911 0.030209 0.999303 -0.000000 0.000000 0.000000 0.000000 1.000000
0.998817 0.043874 0.020972 -0.000000 -0.043096 0.998415 -0.036193 9.224200 -0.022527 0.035246 0.999125 0.000000 0.000000 0.000000 0.000000 1.000000
0.998902 0.042412 0.019881 0.000000 -0.041572 0.998299 -0.040880 9.224200 -0.021581 0.040008 0.998966 0.000000 0.000000 0.000000 0.000000 1.000000
0.999053 0.039655 0.017890 0.000000 -0.038840 0.998285 -0.043798 9.224200 -0.019597 0.043061 0.998880 -0.000000 0.000000 0.000000 0.000000 1.000000
0.999145 0.038086 0.016074 0.000000 -0.037329 0.998288 -0.045024 9.224200 -0.017761 0.044386 0.998857 0.000000 0.000000 0.000000 0.000000 1.000000
0.999212 0.036556 0.015445 -0.000000 -0.035828 0.998342 -0.045052 9.224200 -0.017066 0.044463 0.998865 0.000000 0.000000 0.000000 0.000000 1.000000
0.999292 0.034009 0.016065 0.000000 -0.033274 0.998479 -0.043960 9.224200 -0.017536 0.043394 0.998904 0.000000 0.000000 0.000000 0.000000 1.000000
0.999362 0.031371 0.017096 0.000000 -0.030627 0.998640 -0.042202 9.224200 -0.018397 0.041652 0.998963 -0.000000 0.000000 0.000000 0.000000 1.000000
0.999400 0.029756 0.017713 -0.000000 -0.029012 0.998741 -0.040912 9.224200 -0.018908 0.040373 0.999006 0.000000 0.000000 0.000000 0.000000 1.000000
0.999430 0.028717 0.017741 -0.000000 -0.027978 0.998785 -0.040580 9.224200 -0.018884 0.040060 0.999019 0.000000 0.000000 0.000000 0.000000 1.000000
0.999487 0.026897 0.017395 0.000000 -0.026174 0.998837 -0.040491 9.224200 -0.018464 0.040015 0.999028 0.000000 0.000000 0.000000 0.000000 1.000000
0.999584 0.023370 0.016899 0.000000 -0.022675 0.998934 -0.040198 9.224200 -0.017820 0.039798 0.999049 0.000000 0.000000 0.000000 0.000000 1.000000
0.999673 0.019512 0.016552 0.000000 -0.018845 0.999042 -0.039500 9.224200 -0.017307 0.039175 0.999082 0.000000 0.000000 0.000000 0.000000 1.000000
0.999741 0.015808 0.016382 0.000000 -0.015172 0.999154 -0.038212 9.224200 -0.016972 0.037954 0.999135 0.000000 0.000000 0.000000 0.000000 1.000000</float_array>
        <technique_common>
          <accessor source="#mixamorig_Spine1-Matrix-animation-output-transform-array" count="64" stride="16">
            <param type="float4x4"/>
          </accessor>
        </technique_common>
      </source>
      <source id="mixamorig_Spine1-Interpolations">
        <Name_array id="mixamorig_Spine1-Interpolations-array" count="64">
 LINEAR LINEAR LINEAR LINEAR LINEAR LINEAR LINEAR LINEAR LINEAR LINEAR LINEAR
LINEAR LINEAR LINEAR LINEAR LINEAR LINEAR LINEAR LINEAR LINEAR LINEAR LINEAR LINEAR
LINEAR LINEAR LINEAR LINEAR LINEAR LINEAR LINEAR LINEAR LINEAR LINEAR LINEAR LINEAR
LINEAR LINEAR LINEAR LINEAR LINEAR LINEAR LINEAR LINEAR LINEAR LINEAR LINEAR LINEAR
LINEAR LINEAR LINEAR LINEAR LINEAR LINEAR LINEAR LINEAR LINEAR LINEAR LINEAR LINEAR
LINEAR LINEAR LINEAR LINEAR LINEAR</Name_array>
        <technique_common>
          <accessor source="#mixamorig_Spine1-Interpolations-array" count="64">
            <param type="name"/>
          </accessor>
        </technique_common>
      </source>
      <sampler id="mixamorig_Spine1-Matrix-animation-transform">
        <input semantic="INPUT" source="#mixamorig_Spine1-Matrix-animation-input"/>
        <input semantic="OUTPUT" source="#mixamorig_Spine1-Matrix-animation-output-transform"/>
        <input semantic="INTERPOLATION" source="#mixamorig_Spine1-Interpolations"/>
      </sampler>
      <channel source="#mixamorig_Spine1-Matrix-animation-transform" target="mixamorig_Spine1/matrix"/>
    </animation>
    <animation id="mixamorig_Spine2-anim" name="mixamorig_Spine2">
      <source id="mixamorig_Spine2-Matrix-animation-input">
        <float_array id="mixamorig_Spine2-Matrix-animation-input-array" count="64">

0.000000 0.033333 0.066667 0.100000 0.133333 0.166667 0.200000 0.233333 0.266667 0.300000 0.333333 0.366667 0.400000 0.433333 0.466667 0.500000
0.533333 0.566667 0.600000 0.633333 0.666667 0.700000 0.733333 0.766667 0.800000 0.833333 0.866667 0.900000 0.933333 0.966667 1.000000 1.033333
1.066667 1.100000 1.133333 1.166667 1.200000 1.233333 1.266667 1.300000 1.333333 1.366667 1.400000 1.433333 1.466667 1.500000 1.533333 1.566667
1.600000 1.633333 1.666667 1.700000 1.733333 1.766667 1.800000 1.833333 1.866667 1.900000 1.933333 1.966667 2.000000 2.033333 2.066667 2.100000</float_array>
        <technique_common>
          <accessor source="#mixamorig_Spine2-Matrix-animation-input-array" count="64">
            <param name="TIME" type="float"/>
          </accessor>
        </technique_common>
      </source>
      <source id="mixamorig_Spine2-Matrix-animation-output-transform">
        <float_array id="mixamorig_Spine2-Matrix-animation-output-transform-array" count="1024">

0.999747 0.015780 0.016034 0.000000 -0.015155 0.999148 -0.038400 11.063000 -0.016626 0.038147 0.999134 -0.000000 0.000000 0.000000 0.000000 1.000000
0.999789 0.012739 0.016139 0.000000 -0.012143 0.999260 -0.036507 11.063000 -0.016592 0.036303 0.999203 0.000000 0.000000 0.000000 0.000000 1.000000
0.999805 0.010829 0.016528 0.000000 -0.010258 0.999360 -0.034276 11.063000 -0.016889 0.034100 0.999276 -0.000000 0.000000 0.000000 0.000000 1.000000
0.999793 0.010627 0.017353 0.000000 -0.010067 0.999435 -0.032059 11.063000 -0.017684 0.031878 0.999335 0.000000 0.000000 0.000000 0.000000 1.000000
0.999720 0.014174 0.018934 0.000000 -0.013582 0.999426 -0.031021 11.063000 -0.019362 0.030755 0.999339 -0.000000 0.000000 0.000000 0.000000 1.000000
0.999579 0.020311 0.020707 0.000000 -0.019679 0.999347 -0.030291 11.063000 -0.021309 0.029870 0.999327 0.000000 0.000000 0.000000 0.000000 1.000000
0.999409 0.026606 0.021765 0.000000 -0.025980 0.999254 -0.028585 11.063000 -0.022509 0.028002 0.999354 -0.000000 0.000000 0.000000 0.000000 1.000000
0.999327 0.030056 0.021009 0.000000 -0.029540 0.999264 -0.024457 11.063000 -0.021728 0.023820 0.999480 0.000000 0.000000 0.000000 0.000000 1.000000
0.999438 0.028665 0.017388 0.000000 -0.028338 0.999422 -0.018764 11.063000 -0.017916 0.018261 0.999673 0.000000 0.000000 0.000000 0.000000 1.000000
0.999708 0.021979 0.010070 -0.000000 -0.021823 0.999644 -0.015355 11.063000 -0.010404 0.015131 0.999831 0.000000 0.000000 0.000000 0.000000 1.000000
0.999937 0.011206 -0.000864 0.000000 -0.011218 0.999812 -0.015843 11.063000 0.000686 0.015851 0.999874 -0.000000 0.000000 0.000000 0.000000 1.000000
