<?xml version="1.0" encoding="utf-8"?>
<COLLADA xmlns="http://www.collada.org/2005/11/COLLADASchema" version="1.4.1">
  <asset>
    <contributor>
      <author>Mixamo</author>
      <authoring_tool>COLLADA Mixamo exporter</authoring_tool>
      <comments/>
    </contributor>
    <created>2024-10-27T18:28:07Z</created>
    <modified>2024-10-27T18:28:07Z</modified>
    <revision/>
    <title/>
    <unit meter="0.010000"/>
    <up_axis>Y_UP</up_axis>
  </asset>
  <library_animations>
    <animation id="mixamorig_Hips-anim" name="mixamorig_Hips">
      <source id="mixamorig_Hips-Matrix-animation-input">
        <float_array id="mixamorig_Hips-Matrix-animation-input-array" count="28">

0.000000 0.033333 0.066667 0.100000 0.133333 0.166667 0.200000 0.233333 0.266667 0.300000 0.333333 0.366667 0.400000 0.433333 0.466667 0.500000
0.533333 0.566667 0.600000 0.633333 0.666667 0.700000 0.733333 0.766667 0.800000 0.833333 0.866667 0.900000</float_array>
        <technique_common>
          <accessor source="#mixamorig_Hips-Matrix-animation-input-array" count="28">
            <param name="TIME" type="float"/>
          </accessor>
        </technique_common>
      </source>
      <source id="mixamorig_Hips-Matrix-animation-output-transform">
        <float_array id="mixamorig_Hips-Matrix-animation-output-transform-array" count="448">

0.679925 -0.259402 -0.685867 1.118141 -0.083127 0.902042 -0.423568 82.342636 0.728555 0.345008 0.591757 -0.356506 0.000000 0.000000 0.000000 1.000000
0.643705 -0.289362 -0.708459 2.003645 -0.077596 0.896307 -0.436591 82.656631 0.761330 0.336009 0.554504 -0.750530 0.000000 0.000000 0.000000 1.000000
0.613057 -0.326733 -0.719310 2.685812 -0.062768 0.887453 -0.456605 83.636902 0.787541 0.325074 0.523551 -1.612999 0.000000 0.000000 0.000000 1.000000
0.588461 -0.359265 -0.724322 3.245707 -0.053972 0.876402 -0.478546 85.124191 0.806722 0.320699 0.496339 -2.667787 0.000000 0.000000 0.000000 1.000000
0.567250 -0.377096 -0.732138 3.768406 -0.060665 0.867459 -0.493796 86.895523 0.821308 0.324521 0.469190 -3.282094 0.000000 0.000000 0.000000 1.000000
0.546477 -0.377257 -0.747690 4.318627 -0.077862 0.866038 -0.493879 88.673965 0.833847 0.328110 0.443895 -2.970936 0.000000 0.000000 0.000000 1.000000
0.526598 -0.363282 -0.768584 4.866340 -0.091549 0.874603 -0.476119 89.866203 0.845171 0.321086 0.427306 -1.392817 0.000000 0.000000 0.000000 1.000000
0.513784 -0.343190 -0.786287 5.313410 -0.089514 0.890057 -0.446973 89.958916 0.853237 0.300031 0.426577 0.835095 0.000000 0.000000 0.000000 1.000000
0.512170 -0.326206 -0.794526 5.566616 -0.073235 0.905112 -0.418819 88.943489 0.855756 0.272693 0.439682 2.638672 0.000000 0.000000 0.000000 1.000000
0.519009 -0.317532 -0.793601 5.592292 -0.056432 0.913685 -0.402486 87.411263 0.852904 0.253678 0.456292 3.825610 0.000000 0.000000 0.000000 1.000000
0.529185 -0.315763 -0.787564 5.473158 -0.049787 0.915023 -0.400319 85.873291 0.847045 0.251053 0.468495 4.466194 0.000000 0.000000 0.000000 1.000000
0.541358 -0.312341 -0.780624 5.391278 -0.058587 0.912169 -0.405604 84.808975 0.838748 0.265312 0.475511 4.567695 0.000000 0.000000 0.000000 1.000000
0.557111 -0.299259 -0.774643 5.357704 -0.082460 0.908267 -0.410184 84.175453 0.826334 0.292395 0.481328 4.232093 0.000000 0.000000 0.000000 1.000000
0.576516 -0.277334 -0.768580 5.181960 -0.112573 0.904706 -0.410895 83.588089 0.809294 0.323409 0.490357 3.531465 0.000000 0.000000 0.000000 1.000000
0.597351 -0.252828 -0.761085 4.752445 -0.138446 0.902250 -0.408385 82.918884 0.789940 0.349318 0.503956 2.639586 0.000000 0.000000 0.000000 1.000000
0.618681 -0.230293 -0.751132 4.222721 -0.154932 0.901535 -0.404018 82.539574 0.770214 0.366332 0.522083 1.663525 0.000000 0.000000 0.000000 1.000000
0.643930 -0.212423 -0.735004 3.806297 -0.160160 0.901972 -0.400993 82.781723 0.748133 0.375930 0.546785 0.507707 0.000000 0.000000 0.000000 1.000000
0.677610 -0.204078 -0.706539 3.542410 -0.150498 0.901915 -0.404846 83.561546 0.719858 0.380660 0.580433 -0.713227 0.000000 0.000000 0.000000 1.000000
0.716106 -0.210130 -0.665611 3.380766 -0.124617 0.899798 -0.418132 84.605232 0.686777 0.382373 0.618165 -1.488638 0.000000 0.000000 0.000000 1.000000
0.746881 -0.230524 -0.623720 3.267400 -0.088521 0.895168 -0.436850 85.827316 0.659039 0.381487 0.648178 -1.399945 0.000000 0.000000 0.000000 1.000000
0.759299 -0.257699 -0.597542 3.074272 -0.056000 0.888965 -0.454539 87.123642 0.648328 0.378594 0.660558 -0.556243 0.000000 0.000000 0.000000 1.000000
0.755158 -0.283273 -0.591179 2.610472 -0.034257 0.883531 -0.467118 87.839691 0.654647 0.373000 0.657502 1.090942 0.000000 0.000000 0.000000 1.000000
0.742286 -0.296993 -0.600672 1.953538 -0.029224 0.881213 -0.471816 87.845039 0.669446 0.367776 0.645433 2.390255 0.000000 0.000000 0.000000 1.000000
0.730098 -0.295300 -0.616242 1.295322 -0.036905 0.883451 -0.467068 86.894142 0.682345 0.363748 0.634108 2.771309 0.000000 0.000000 0.000000 1.000000
0.721080 -0.282497 -0.632644 0.875541 -0.049952 0.889529 -0.454140 85.335899 0.691049 0.359073 0.627311 2.266916 0.000000 0.000000 0.000000 1.000000
0.711140 -0.266455 -0.650601 0.799174 -0.065068 0.896481 -0.438279 83.806030 0.700033 0.354011 0.620186 1.160908 0.000000 0.000000 0.000000 1.000000
0.697371 -0.257088 -0.669013 0.929119 -0.076913 0.901215 -0.426492 82.759277 0.712571 0.348880 0.608708 0.174101 0.000000 0.000000 0.000000 1.000000
0.679925 -0.259402 -0.685867 1.118142 -0.083127 0.902042 -0.423568 82.342636 0.728555 0.345008 0.591757 -0.356507 0.000000 0.000000 0.000000 1.000000</float_array>
        <technique_common>
          <accessor source="#mixamorig_Hips-Matrix-animation-output-transform-array" count="28" stride="16">
            <param type="float4x4"/>
          </accessor>
        </technique_common>
      </source>
      <source id="mixamorig_Hips-Interpolations">
        <Name_array id="mixamorig_Hips-Interpolations-array" count="28">
 LINEAR LINEAR LINEAR LINEAR LINEAR LINEAR LINEAR LINEAR LINEAR LINEAR LINEAR
LINEAR LINEAR LINEAR LINEAR LINEAR LINEAR LINEAR LINEAR LINEAR LINEAR LINEAR LINEAR
LINEAR LINEAR LINEAR LINEAR LINEAR</Name_array>
        <technique_common>
          <accessor source="#mixamorig_Hips-Interpolations-array" count="28">
            <param type="name"/>
          </accessor>
        </technique_common>
      </source>
      <sampler id="mixamorig_Hips-Matrix-animation-transform">
        <input semantic="INPUT" source="#mixamorig_Hips-Matrix-animation-input"/>
        <input semantic="OUTPUT" source="#mixamorig_Hips-Matrix-animation-output-transform"/>
        <input semantic="INTERPOLATION" source="#mixamorig_Hips-Interpolations"/>
      </sampler>
      <channel source="#mixamorig_Hips-Matrix-animation-transform" target="mixamorig_Hips/matrix"/>
    </animation>
    <animation id="mixamorig_Spine-anim" name="mixamorig_Spine">
      <source id="mixamorig_Spine-Matrix-animation-input">
        <float_array id="mixamorig_Spine-Matrix-animation-input-array" count="28">

0.000000 0.033333 0.066667 0.100000 0.133333 0.166667 0.200000 0.233333 0.266667 0.300000 0.333333 0.366667 0.400000 0.433333 0.466667 0.500000
0.533333 0.566667 0.600000 0.633333 0.666667 0.700000 0.733333 0.766667 0.800000 0.833333 0.866667 0.900000</float_array>
        <technique_common>
          <accessor source="#mixamorig_Spine-Matrix-animation-input-array" count="28">
            <param name="TIME" type="float"/>
          </accessor>
        </technique_common>
      </source>
      <source id="mixamorig_Spine-Matrix-animation-output-transform">
        <float_array id="mixamorig_Spine-Matrix-animation-output-transform-array" count="448">

0.991266 0.125262 0.041234 0.000000 -0.096530 0.902244 -0.420282 13.214800 -0.089849 0.412631 0.906456 0.000000 0.000000 0.000000 0.000000 1.000000
0.989437 0.138728 0.042050 0.000000 -0.108553 0.901322 -0.419327 13.214800 -0.096073 0.410333 0.906861 0.000000 0.000000 0.000000 0.000000 1.000000
0.987593 0.152552 0.037250 0.000000 -0.123525 0.901146 -0.415544 13.214800 -0.096960 0.405787 0.908810 0.000000 0.000000 0.000000 0.000000 1.000000
0.986353 0.160877 0.035010 0.000000 -0.132754 0.902899 -0.408840 13.214800 -0.097383 0.398613 0.911934 0.000000 0.000000 0.000000 0.000000 1.000000
0.986069 0.161663 0.039159 0.000000 -0.132673 0.906390 -0.401068 13.214800 -0.100332 0.390285 0.915211 0.000000 0.000000 0.000000 0.000000 1.000000
0.986207 0.158983 0.046036 0.000000 -0.128080 0.909217 -0.396132 13.214800 -0.104835 0.384772 0.917039 0.000000 0.000000 0.000000 0.000000 1.000000
0.985808 0.160159 0.050309 0.000000 -0.127342 0.908693 -0.397568 13.214800 -0.109389 0.385520 0.916193 -0.000000 0.000000 0.000000 0.000000 1.000000
0.984391 0.169857 0.046084 0.000000 -0.136987 0.903858 -0.405309 13.214800 -0.110498 0.392669 0.913018 0.000000 0.000000 0.000000 0.000000 1.000000
0.981876 0.186660 0.032840 0.000000 -0.156506 0.896268 -0.414981 13.214800 -0.106894 0.402320 0.909237 0.000000 0.000000 0.000000 0.000000 1.000000
0.979200 0.202115 0.017816 0.000000 -0.175938 0.889541 -0.421620 13.214800 -0.101064 0.409716 0.906598 -0.000000 0.000000 0.000000 0.000000 1.000000
0.978131 0.207823 0.008261 -0.000000 -0.184769 0.886487 -0.424266 13.214800 -0.095495 0.413462 0.905500 0.000000 0.000000 0.000000 0.000000 1.000000
0.979928 0.199167 0.008576 0.000000 -0.176668 0.887551 -0.425489 13.214800 -0.092355 0.415433 0.904923 -0.000000 0.000000 0.000000 0.000000 1.000000
0.983715 0.178772 0.018595 0.000000 -0.153846 0.890985 -0.427174 13.214800 -0.092934 0.417356 0.903978 0.000000 0.000000 0.000000 0.000000 1.000000
0.987093 0.156950 0.031847 -0.000000 -0.128362 0.894281 -0.428702 13.214800 -0.095765 0.419081 0.902884 0.000000 0.000000 0.000000 0.000000 1.000000
0.988879 0.142778 0.041628 -0.000000 -0.111326 0.896232 -0.429389 13.214800 -0.098616 0.419979 0.902160 0.000000 0.000000 0.000000 0.000000 1.000000
0.989576 0.136558 0.045723 -0.000000 -0.103902 0.896877 -0.429902 13.214800 -0.099714 0.420670 0.901717 0.000000 0.000000 0.000000 0.000000 1.000000
0.990405 0.131637 0.042057 -0.000000 -0.100949 0.897006 -0.430337 13.214800 -0.094374 0.421962 0.901688 0.000000 0.000000 0.000000 0.000000 1.000000
0.992220 0.122099 0.024333 0.000000 -0.099990 0.897962 -0.428562 13.214800 -0.074177 0.422795 0.903184 0.000000 0.000000 0.000000 0.000000 1.000000
0.994177 0.107407 -0.008669 0.000000 -0.101026 0.901073 -0.421737 13.214800 -0.037486 0.420157 0.906677 0.000000 0.000000 0.000000 0.000000 1.000000
0.994671 0.092641 -0.045250 -0.000000 -0.103057 0.906310 -0.409855 13.214800 0.003041 0.412334 0.911028 0.000000 0.000000 0.000000 0.000000 1.000000
0.994297 0.083413 -0.066452 0.000000 -0.103045 0.911989 -0.397062 13.214800 0.027483 0.401645 0.915383 0.000000 0.000000 0.000000 0.000000 1.000000
0.994283 0.082773 -0.067454 0.000000 -0.102575 0.915911 -0.388053 13.214800 0.029662 0.392753 0.919165 0.000000 0.000000 0.000000 0.000000 1.000000
0.994928 0.087201 -0.050143 -0.000000 -0.099821 0.917409 -0.385224 13.214800 0.012410 0.388275 0.921460 0.000000 0.000000 0.000000 0.000000 1.000000
0.995361 0.092619 -0.026056 0.000000 -0.095448 0.916426 -0.388657 13.214800 -0.012119 0.389340 0.921014 -0.000000 0.000000 0.000000 0.000000 1.000000
0.995057 0.099237 -0.003618 0.000000 -0.092512 0.913157 -0.396970 13.214800 -0.036090 0.395343 0.917824 0.000000 0.000000 0.000000 0.000000 1.000000
0.994048 0.107605 0.017027 -0.000000 -0.091400 0.908775 -0.407153 13.214800 -0.059286 0.403173 0.913201 0.000000 0.000000 0.000000 0.000000 1.000000
0.992532 0.117431 0.033018 -0.000000 -0.093212 0.904715 -0.415694 13.214800 -0.078687 0.409512 0.908905 -0.000000 0.000000 0.000000 0.000000 1.000000
0.991266 0.125263 0.041235 -0.000000 -0.096530 0.902244 -0.420282 13.214800 -0.089849 0.412631 0.906456 0.000000 0.000000 0.000000 0.000000 1.000000</float_array>
        <technique_common>
          <accessor source="#mixamorig_Spine-Matrix-animation-output-transform-array" count="28" stride="16">
            <param type="float4x4"/>
          </accessor>
        </technique_common>
      </source>
      <source id="mixamorig_Spine-Interpolations">
        <Name_array id="mixamorig_Spine-Interpolations-array" count="28">
 LINEAR LINEAR LINEAR LINEAR LINEAR LINEAR LINEAR LINEAR LINEAR LINEAR LINEAR
LINEAR LINEAR LINEAR LINEAR LINEAR LINEAR LINEAR LINEAR LINEAR LINEAR LINEAR LINEAR
LINEAR LINEAR LINEAR LINEAR LINEAR</Name_array>
        <technique_common>
          <accessor source="#mixamorig_Spine-Interpolations-array" count="28">
            <param type="name"/>
          </accessor>
        </technique_common>
      </source>
      <sampler id="mixamorig_Spine-Matrix-animation-transform">
        <input semantic="INPUT" source="#mixamorig_Spine-Matrix-animation-input"/>
        <input semantic="OUTPUT" source="#mixamorig_Spine-Matrix-animation-output-transform"/>
        <input semantic="INTERPOLATION" source="#mixamorig_Spine-Interpolations"/>
      </sampler>
      <channel source="#mixamorig_Spine-Matrix-animation-transform" target="mixamorig_Spine/matrix"/>
    </animation>
    <animation id="mixamorig_Spine1-anim" name="mixamorig_Spine1">
      <source id="mixamorig_Spine1-Matrix-animation-input">
        <float_array id="mixamorig_Spine1-Matrix-animation-input-array" count="28">

0.000000 0.033333 0.066667 0.100000 0.133333 0.166667 0.200000 0.233333 0.266667 0.300000 0.333333 0.366667 0.400000 0.433333 0.466667 0.500000
0.533333 0.566667 0.600000 0.633333 0.666667 0.700000 0.733333 0.766667 0.800000 0.833333 0.866667 0.900000</float_array>
        <technique_common>
          <accessor source="#mixamorig_Spine1-Matrix-animation-input-array" count="28">
            <param name="TIME" type="float"/>
          </accessor>
        </technique_common>
      </source>
      <source id="mixamorig_Spine1-Matrix-animation-output-transform">
        <float_array id="mixamorig_Spine1-Matrix-animation-output-transform-array" count="448">

0.994239 0.103999 0.025955 0.000000 -0.092658 0.955617 -0.279663 9.224200 -0.053888 0.275647 0.959747 0.000000 0.000000 0.000000 0.000000 1.000000
0.990918 0.130285 0.033289 -0.000000 -0.116036 0.953560 -0.277954 9.224200 -0.067957 0.271567 0.960017 0.000000 0.000000 0.000000 0.000000 1.000000
0.988165 0.148919 0.036781 0.000000 -0.133439 0.952797 -0.272713 9.224200 -0.075657 0.264578 0.961392 0.000000 0.000000 0.000000 0.000000 1.000000
0.987094 0.155453 0.038470 0.000000 -0.139955 0.954157 -0.264570 9.224200 -0.077835 0.255772 0.963599 -0.000000 0.000000 0.000000 0.000000 1.000000
0.987890 0.149489 0.041553 0.000000 -0.134066 0.957234 -0.256379 9.224200 -0.078102 0.247703 0.965683 -0.000000 0.000000 0.000000 0.000000 1.000000
0.989499 0.136004 0.048944 -0.000000 -0.119505 0.960246 -0.252282 9.224200 -0.081309 0.243784 0.966415 0.000000 0.000000 0.000000 0.000000 1.000000
0.990716 0.121529 0.060924 0.000000 -0.102330 0.961693 -0.254313 9.224200 -0.089497 0.245717 0.965201 0.000000 0.000000 0.000000 0.000000 1.000000
0.991073 0.110644 0.074378 0.000000 -0.087786 0.961465 -0.260536 9.224200 -0.100338 0.251681 0.962595 0.000000 0.000000 0.000000 0.000000 1.000000
0.990735 0.105600 0.085402 0.000000 -0.079380 0.960486 -0.266769 9.224200 -0.110198 0.257518 0.959969 0.000000 0.000000 0.000000 0.000000 1.000000
0.989965 0.106718 0.092626 -0.000000 -0.078144 0.959577 -0.270380 9.224200 -0.117736 0.260429 0.958288 0.000000 0.000000 0.000000 0.000000 1.000000
0.989046 0.111723 0.096469 -0.000000 -0.081715 0.958683 -0.272488 9.224200 -0.122926 0.261620 0.957311 0.000000 0.000000 0.000000 0.000000 1.000000
0.988534 0.115976 0.096700 -0.000000 -0.085333 0.957391 -0.275900 9.224200 -0.124577 0.264485 0.956310 0.000000 0.000000 0.000000 0.000000 1.000000
0.988993 0.114972 0.093141 -0.000000 -0.084651 0.955927 -0.281135 9.224200 -0.121359 0.270156 0.955138 0.000000 0.000000 0.000000 0.000000 1.000000
0.990375 0.107569 0.087100 0.000000 -0.078570 0.954992 -0.286035 9.224200 -0.113948 0.276439 0.954252 0.000000 0.000000 0.000000 0.000000 1.000000
0.992104 0.096519 0.080081 0.000000 -0.069537 0.954730 -0.289233 9.224200 -0.104372 0.281381 0.953903 0.000000 0.000000 0.000000 0.000000 1.000000
0.993729 0.085245 0.072355 0.000000 -0.060654 0.954606 -0.291630 9.224200 -0.093930 0.285413 0.953791 0.000000 0.000000 0.000000 0.000000 1.000000
0.995173 0.074630 0.063724 -0.000000 -0.052790 0.954515 -0.293454 9.224200 -0.082726 0.288673 0.953847 -0.000000 0.000000 0.000000 0.000000 1.000000
0.996486 0.063622 0.054483 0.000000 -0.045041 0.955395 -0.291876 9.224200 -0.070623 0.288397 0.954903 0.000000 0.000000 0.000000 0.000000 1.000000
0.997630 0.052193 0.044846 0.000000 -0.037392 0.958258 -0.283448 9.224200 -0.057769 0.281100 0.957938 0.000000 0.000000 0.000000 0.000000 1.000000
0.998494 0.042842 0.034263 0.000000 -0.032108 0.962821 -0.268226 9.224200 -0.044481 0.266722 0.962746 0.000000 0.000000 0.000000 0.000000 1.000000
0.998979 0.039322 0.022233 -0.000000 -0.032511 0.967572 -0.250495 9.224200 -0.031362 0.249516 0.967863 0.000000 0.000000 0.000000 0.000000 1.000000
0.998980 0.043984 0.010176 0.000000 -0.040344 0.970911 -0.236019 9.224200 -0.020261 0.235368 0.971695 0.000000 0.000000 0.000000 0.000000 1.000000
0.998471 0.055251 0.001798 0.000000 -0.053367 0.971888 -0.229317 9.224200 -0.014418 0.228870 0.973350 0.000000 0.000000 0.000000 0.000000 1.000000
0.997711 0.067623 -0.000097 0.000000 -0.065793 0.970375 -0.232471 9.224200 -0.015627 0.231946 0.972603 -0.000000 0.000000 0.000000 0.000000 1.000000
0.997083 0.076223 0.003905 0.000000 -0.072965 0.966976 -0.244201 9.224200 -0.022390 0.243204 0.969717 0.000000 0.000000 0.000000 0.000000 1.000000
0.996585 0.081830 0.011074 -0.000000 -0.076164 0.962706 -0.259608 9.224200 -0.031905 0.257878 0.965651 0.000000 0.000000 0.000000 0.000000 1.000000
0.995795 0.089651 0.018866 0.000000 -0.081139 0.958650 -0.272775 9.224200 -0.042541 0.270097 0.961893 0.000000 0.000000 0.000000 0.000000 1.000000
0.994239 0.103999 0.025955 -0.000000 -0.092658 0.955617 -0.279663 9.224200 -0.053887 0.275647 0.959747 -0.000000 0.000000 0.000000 0.000000 1.000000</float_array>
        <technique_common>
          <accessor source="#mixamorig_Spine1-Matrix-animation-output-transform-array" count="28" stride="16">
            <param type="float4x4"/>
          </accessor>
        </technique_common>
      </source>
      <source id="mixamorig_Spine1-Interpolations">
        <Name_array id="mixamorig_Spine1-Interpolations-array" count="28">
 LINEAR LINEAR LINEAR LINEAR LINEAR LINEAR LINEAR LINEAR LINEAR LINEAR LINEAR
LINEAR LINEAR LINEAR LINEAR LINEAR LINEAR LINEAR LINEAR LINEAR LINEAR LINEAR LINEAR
LINEAR LINEAR LINEAR LINEAR LINEAR</Name_array>
        <technique_common>
          <accessor source="#mixamorig_Spine1-Interpolations-array" count="28">
            <param type="name"/>
          </accessor>
        </technique_common>
      </source>
      <sampler id="mixamorig_Spine1-Matrix-animation-transform">
        <input semantic="INPUT" source="#mixamorig_Spine1-Matrix-animation-input"/>
        <input semantic="OUTPUT" source="#mixamorig_Spine1-Matrix-animation-output-transform"/>
        <input semantic="INTERPOLATION" source="#mixamorig_Spine1-Interpolations"/>
      </sampler>
      <channel source="#mixamorig_Spine1-Matrix-animation-transform" target="mixamorig_Spine1/matrix"/>
    </animation>
    <animation id="mixamorig_Spine2-anim" name="mixamorig_Spine2">
      <source id="mixamorig_Spine2-Matrix-animation-input">
        <float_array id="mixamorig_Spine2-Matrix-animation-input-array" count="28">

0.000000 0.033333 0.066667 0.100000 0.133333 0.166667 0.200000 0.233333 0.266667 0.300000 0.333333 0.366667 0.400000 0.433333 0.466667 0.500000
0.533333 0.566667 0.600000 0.633333 0.666667 0.700000 0.733333 0.766667 0.800000 0.833333 0.866667 0.900000</float_array>
        <technique_common>
          <accessor source="#mixamorig_Spine2-Matrix-animation-input-array" count="28">
            <param name="TIME" type="float"/>
          </accessor>
        </technique_common>
      </source>
      <source id="mixamorig_Spine2-Matrix-animation-output-transform">
        <float_array id="mixamorig_Spine2-Matrix-animation-output-transform-array" count="448">

0.984727 0.120056 -0.126092 -0.000000 -0.156631 0.927105 -0.340505 11.063000 0.076021 0.355054 0.931750 0.000000 0.000000 0.000000 0.000000 1.000000
0.982013 0.146130 -0.119572 0.000000 -0.178470 0.925105 -0.335155 11.063000 0.061640 0.350466 0.934545 0.000000 0.000000 0.000000 0.000000 1.000000
0.979412 0.164474 -0.117047 -0.000000 -0.194404 0.924696 -0.327330 11.063000 0.054395 0.343345 0.937633 -0.000000 0.000000 0.000000 0.000000 1.000000
0.978425 0.170899 -0.116096 -0.000000 -0.199656 0.926617 -0.318620 11.063000 0.053125 0.334925 0.940746 0.000000 0.000000 0.000000 0.000000 1.000000
0.979808 0.165011 -0.112904 0.000000 -0.192643 0.930285 -0.312183 11.063000 0.053519 0.327629 0.943289 0.000000 0.000000 0.000000 0.000000 1.000000
0.982873 0.151707 -0.104626 0.000000 -0.177237 0.933688 -0.311150 11.063000 0.050485 0.324365 0.944584 0.000000 0.000000 0.000000 0.000000 1.000000
0.986230 0.137513 -0.091874 0.000000 -0.159831 0.935226 -0.315922 11.063000 0.042480 0.326256 0.944326 0.000000 0.000000 0.000000 0.000000 1.000000
0.988827 0.126790 -0.078395 0.000000 -0.145534 0.934947 -0.323564 11.063000 0.032271 0.331358 0.942953 0.000000 0.000000 0.000000 0.000000 1.000000
0.990273 0.121440 -0.067912 -0.000000 -0.137162 0.934013 -0.329859 11.063000 0.023372 0.335965 0.941584 0.000000 0.000000 0.000000 0.000000 1.000000
0.990639 0.121965 -0.061310 -0.000000 -0.135489 0.933269 -0.332644 11.063000 0.016647 0.337837 0.941057 0.000000 0.000000 0.000000 0.000000 1.000000
0.990258 0.126687 -0.057795 0.000000 -0.138762 0.932405 -0.333714 11.063000 0.011611 0.338483 0.940901 -0.000000 0.000000 0.000000 0.000000 1.000000
0.989701 0.131166 -0.057341 -0.000000 -0.142855 0.930751 -0.336592 11.063000 0.009221 0.341317 0.939903 0.000000 0.000000 0.000000 0.000000 1.000000
0.989606 0.130665 -0.060049 0.000000 -0.143378 0.928621 -0.342207 11.063000 0.011048 0.347260 0.937704 -0.000000 0.000000 0.000000 0.000000 1.000000
0.990176 0.123836 -0.064929 -0.000000 -0.138781 0.927057 -0.348290 11.063000 0.017062 0.353880 0.935135 0.000000 0.000000 0.000000 0.000000 1.000000
0.991019 0.113295 -0.071028 -0.000000 -0.131206 0.926364 -0.353037 11.063000 0.025800 0.359186 0.932909 0.000000 0.000000 0.000000 0.000000 1.000000
0.991669 0.102328 -0.078239 -0.000000 -0.123702 0.925902 -0.356937 11.063000 0.035917 0.363642 0.930846 0.000000 0.000000 0.000000 0.000000 1.000000
0.992030 0.091846 -0.086258 0.000000 -0.117004 0.925531 -0.360142 11.063000 0.046757 0.367364 0.928901 0.000000 0.000000 0.000000 0.000000 1.000000
0.992263 0.080920 -0.094159 0.000000 -0.109726 0.926424 -0.360138 11.063000 0.058089 0.367684 0.928135 0.000000 0.000000 0.000000 0.000000 1.000000
0.992385 0.069491 -0.101695 0.000000 -0.101362 0.929830 -0.353754 11.063000 0.069977 0.361368 0.929794 -0.000000 0.000000 0.000000 0.000000 1.000000
0.992102 0.059908 -0.110204 -0.000000 -0.094329 0.935437 -0.340675 11.063000 0.082680 0.348379 0.933700 0.000000 0.000000 0.000000 0.000000 1.000000
0.991052 0.055850 -0.121227 0.000000 -0.092707 0.941446 -0.324167 11.063000 0.096024 0.332505 0.938200 -0.000000 0.000000 0.000000 0.000000 1.000000
0.989203 0.059792 -0.133803 -0.000000 -0.098988 0.945847 -0.309151 11.063000 0.108073 0.319058 0.941553 0.000000 0.000000 0.000000 0.000000 1.000000
0.987093 0.070554 -0.143768 -0.000000 -0.111451 0.947303 -0.300327 11.063000 0.115002 0.312474 0.942939 -0.000000 0.000000 0.000000 0.000000 1.000000
0.985600 0.082932 -0.147360 -0.000000 -0.124551 0.945474 -0.300943 11.063000 0.114367 0.314963 0.942188 0.000000 0.000000 0.000000 0.000000 1.000000
0.985214 0.091918 -0.144584 0.000000 -0.133400 0.941096 -0.310714 11.063000 0.107507 0.325408 0.939442 0.000000 0.000000 0.000000 0.000000 1.000000
0.985527 0.097928 -0.138370 -0.000000 -0.138551 0.935630 -0.324654 11.063000 0.097670 0.339126 0.935657 0.000000 0.000000 0.000000 0.000000 1.000000
0.985612 0.105903 -0.131731 -0.000000 -0.144914 0.930612 -0.336097 11.063000 0.086997 0.350351 0.932569 0.000000 0.000000 0.000000 0.000000 1.000000
0.984727 0.120056 -0.126092 -0.000000 -0.156632 0.927105 -0.340505 11.063000 0.076020 0.355054 0.931750 -0.000000 0.000000 0.000000 0.000000 1.000000</float_array>
        <technique_common>
          <accessor source="#mixamorig_Spine2-Matrix-animation-output-transform-array" count="28" stride="16">
            <param type="float4x4"/>
          </accessor>
        </technique_common>
      </source>
      <source id="mixamorig_Spine2-Interpolations">
        <Name_array id="mixamorig_Spine2-Interpolations-array" count="28">
 LINEAR LINEAR LINEAR LINEAR LINEAR LINEAR LINEAR LINEAR LINEAR LINEAR LINEAR
LINEAR LINEAR LINEAR LINEAR LINEAR LINEAR LINEAR LINEAR LINEAR LINEAR LINEAR LINEAR
LINEAR LINEAR LINEAR LINEAR LINEAR</Name_array>
        <technique_common>
          <accessor source="#mixamorig_Spine2-Interpolations-array" count="28">
            <param type="name"/>
          </accessor>
        </technique_common>
      </source>
      <sampler id="mixamorig_Spine2-Matrix-animation-transform">
        <input semantic="INPUT" source="#mixamorig_Spine2-Matrix-animation-input"/>
        <input semantic="OUTPUT" source="#mixamorig_Spine2-Matrix-animation-output-transform"/>
        <input semantic="INTERPOLATION" source="#mixamorig_Spine2-Interpolations"/>
      </sampler>
      <channel source="#mixamorig_Spine2-Matrix-animation-transform" target="mixamorig_Spine2/matrix"/>
    </animation>
    <animation id="mixamorig_Neck-anim" name="mixamorig_Neck">
      <source id="mixamorig_Neck-Matrix-animation-input">
        <float_array id="mixamorig_Neck-Matrix-animation-input-array" count="28">

0.000000 0.033333 0.066667 0.100000 0.133333 0.166667 0.200000 0.233333 0.266667 0.300000 0.333333 0.366667 0.400000 0.433333 0.466667 0.500000
0.533333 0.566667 0.600000 0.633333 0.666667 0.700000 0.733333 0.766667 0.800000 0.833333 0.866667 0.900000</float_array>
        <technique_common>
          <accessor source="#mixamorig_Neck-Matrix-animation-input-array" count="28">
            <param name="TIME" type="float"/>
          </accessor>
        </technique_common>
      </source>
      <source id="mixamorig_Neck-Matrix-animation-output-transform">
        <float_array id="mixamorig_Neck-Matrix-animation-output-transform-array" count="448">

0.985637 -0.139717 0.094858 -0.006000 0.087213 0.902131 0.422555 23.723499 -0.144612 -0.408213 0.901360 -1.446200 0.000000 0.000000 0.000000 1.000000
0.984284 -0.151045 0.091490 -0.006000 0.099017 0.901033 0.422298 23.723499 -0.146222 -0.406602 0.901828 -1.446200 0.000000 0.000000 0.000000 1.000000
0.984023 -0.151247 0.093932 -0.006000 0.097965 0.900497 0.423683 23.723499 -0.148666 -0.407712 0.900927 -1.446200 0.000000 0.000000 0.000000 1.000000
0.985097 -0.138341 0.102207 -0.006000 0.082522 0.901496 0.424846 23.723499 -0.150913 -0.410081 0.899477 -1.446200 0.000000 0.000000 0.000000 1.000000
0.986889 -0.113767 0.114490 -0.006000 0.055209 0.904496 0.422894 23.723499 -0.151667 -0.411029 0.898917 -1.446200 0.000000 0.000000 0.000000 1.000000
0.988343 -0.084330 0.126750 -0.006000 0.024283 0.909231 0.415584 23.723499 -0.150292 -0.407662 0.900680 -1.446200 0.000000 0.000000 0.000000 1.000000
0.989124 -0.059792 0.134382 -0.006000 0.000494 0.914989 0.403478 23.723499 -0.147083 -0.399023 0.905067 -1.446200 0.000000 0.000000 0.000000 1.000000
0.989733 -0.048329 0.134506 -0.006000 -0.008119 0.920563 0.390509 23.723499 -0.142695 -0.387592 0.910720 -1.446200 0.000000 0.000000 0.000000 1.000000
0.990428 -0.052058 0.127840 -0.006000 -0.000761 0.924083 0.382191 23.723499 -0.138031 -0.378630 0.915198 -1.446200 0.000000 0.000000 0.000000 1.000000
0.990803 -0.065730 0.118274 -0.006000 0.015657 0.923907 0.382296 23.723499 -0.134403 -0.376928 0.916439 -1.446200 0.000000 0.000000 0.000000 1.000000
0.990662 -0.080408 0.110107 -0.006000 0.031316 0.920186 0.390227 23.723499 -0.132696 -0.383135 0.914111 -1.446200 0.000000 0.000000 0.000000 1.000000
0.990365 -0.089700 0.105505 -0.006000 0.040135 0.915086 0.401255 23.723499 -0.132539 -0.393155 0.909870 -1.446200 0.000000 0.000000 0.000000 1.000000
0.990189 -0.093078 0.104226 -0.006000 0.042509 0.911162 0.409850 23.723499 -0.133115 -0.401398 0.906179 -1.446200 0.000000 0.000000 0.000000 1.000000
0.990018 -0.094116 0.104909 -0.006000 0.042621 0.909436 0.413654 23.723499 -0.134340 -0.405054 0.904369 -1.446200 0.000000 0.000000 0.000000 1.000000
0.989665 -0.096451 0.106119 -0.006000 0.044147 0.908995 0.414461 23.723499 -0.136437 -0.405493 0.903859 -1.446200 0.000000 0.000000 0.000000 1.000000
0.989136 -0.101199 0.106628 -0.006000 0.048178 0.908432 0.415247 23.723499 -0.138887 -0.405599 0.903438 -1.446200 0.000000 0.000000 0.000000 1.000000
0.988625 -0.106952 0.105743 -0.006000 0.053623 0.907525 0.416561 23.723499 -0.140516 -0.406152 0.902937 -1.446200 0.000000 0.000000 0.000000 1.000000
0.988350 -0.111169 0.103949 -0.006000 0.058282 0.907379 0.416254 23.723499 -0.140596 -0.405346 0.903287 -1.446200 0.000000 0.000000 0.000000 1.000000
0.988384 -0.111873 0.102863 -0.006000 0.059961 0.908998 0.412465 23.723499 -0.139646 -0.401506 0.905147 -1.446200 0.000000 0.000000 0.000000 1.000000
0.988551 -0.109487 0.103820 -0.006000 0.058352 0.911958 0.406114 23.723499 -0.139144 -0.395406 0.907906 -1.446200 0.000000 0.000000 0.000000 1.000000
0.988503 -0.107548 0.106277 -0.006000 0.056464 0.914613 0.400370 23.723499 -0.140261 -0.389766 0.910170 -1.446200 0.000000 0.000000 0.000000 1.000000
0.988013 -0.110383 0.107913 -0.006000 0.058788 0.915437 0.398146 23.723499 -0.142736 -0.387029 0.910953 -1.446200 0.000000 0.000000 0.000000 1.000000
0.987170 -0.118795 0.106696 -0.006000 0.066736 0.913998 0.400193 23.723499 -0.145060 -0.387938 0.910199 -1.446200 0.000000 0.000000 0.000000 1.000000
0.986348 -0.128583 0.102875 -0.006000 0.076502 0.911024 0.405196 23.723499 -0.145823 -0.391794 0.908423 -1.446200 0.000000 0.000000 0.000000 1.000000
0.985977 -0.134572 0.098693 -0.006000 0.082756 0.907829 0.411094 23.723499 -0.144918 -0.397162 0.906235 -1.446200 0.000000 0.000000 0.000000 1.000000
0.986048 -0.135912 0.096114 -0.006000 0.084212 0.905336 0.416264 23.723499 -0.143591 -0.402362 0.904149 -1.446200 0.000000 0.000000 0.000000 1.000000
0.986086 -0.136253 0.095230 -0.006000 0.084286 0.903574 0.420059 23.723499 -0.143282 -0.406188 0.902486 -1.446200 0.000000 0.000000 0.000000 1.000000
0.985637 -0.139717 0.094857 -0.006000 0.087213 0.902131 0.422555 23.723499 -0.144612 -0.408213 0.901360 -1.446200 0.000000 0.000000 0.000000 1.000000</float_array>
        <technique_common>
          <accessor source="#mixamorig_Neck-Matrix-animation-output-transform-array" count="28" stride="16">
            <param type="float4x4"/>
          </accessor>
        </technique_common>
      </source>
      <source id="mixamorig_Neck-Interpolations">
        <Name_array id="mixamorig_Neck-Interpolations-array" count="28">
 LINEAR LINEAR LINEAR LINEAR LINEAR LINEAR LINEAR LINEAR LINEAR LINEAR LINEAR
LINEAR LINEAR LINEAR LINEAR LINEAR LINEAR LINEAR LINEAR LINEAR LINEAR LINEAR LINEAR
LINEAR LINEAR LINEAR LINEAR LINEAR</Name_array>
        <technique_common>
          <accessor source="#mixamorig_Neck-Interpolations-array" count="28">
            <param type="name"/>
          </accessor>
        </technique_common>
      </source>
      <sampler id="mixamorig_Neck-Matrix-animation-transform">
        <input semantic="INPUT" source="#mixamorig_Neck-Matrix-animation-input"/>
        <input semantic="OUTPUT" source="#mixamorig_Neck-Matrix-animation-output-transform"/>
        <input semantic="INTERPOLATION" source="#mixamorig_Neck-Interpolations"/>
      </sampler>
      <channel source="#mixamorig_Neck-Matrix-animation-transform" target="mixamorig_Neck/matrix"/>
    </animation>
    <animation id="mixamorig_Head-anim" name="mixamorig_Head">
      <source id="mixamorig_Head-Matrix-animation-input">
        <float_array id="mixamorig_Head-Matrix-animation-input-array" count="28">

0.000000 0.033333 0.066667 0.100000 0.133333 0.166667 0.200000 0.233333 0.266667 0.300000 0.333333 0.366667 0.400000 0.433333 0.466667 0.500000
0.533333 0.566667 0.600000 0.633333 0.666667 0.700000 0.733333 0.766667 0.800000 0.833333 0.866667 0.900000</float_array>
        <technique_common>
          <accessor source="#mixamorig_Head-Matrix-animation-input-array" count="28">
            <param name="TIME" type="float"/>
          </accessor>
        </technique_common>
      </source>
      <source id="mixamorig_Head-Matrix-animation-output-transform">
        <float_array id="mixamorig_Head-Matrix-animation-output-transform-array" count="448">

0.839727 -0.040767 0.541476 -0.000000 -0.283439 0.817644 0.501120 10.037100 -0.463164 -0.574280 0.675042 3.529500 0.000000 0.000000 0.000000 1.000000
0.837062 -0.050726 0.544751 0.000000 -0.283603 0.811243 0.511325 10.037100 -0.467864 -0.582504 0.664675 3.529500 0.000000 0.000000 0.000000 1.000000
0.836124 -0.056901 0.545581 0.000000 -0.284396 0.805522 0.519859 10.037100 -0.469058 -0.589827 0.657334 3.529500 0.000000 0.000000 0.000000 1.000000
0.835471 -0.057366 0.546532 0.000000 -0.287221 0.802297 0.523281 10.037100 -0.468500 -0.594162 0.653819 3.529500 0.000000 0.000000 0.000000 1.000000
0.834401 -0.051280 0.548766 0.000000 -0.293227 0.801756 0.520773 10.037100 -0.466682 -0.595447 0.653950 3.529500 0.000000 0.000000 0.000000 1.000000
0.833214 -0.039589 0.551531 -0.000000 -0.302927 0.801755 0.515192 10.037100 -0.462589 -0.596340 0.656042 3.529500 0.000000 0.000000 0.000000 1.000000
0.832381 -0.024765 0.553650 0.000000 -0.315458 0.800200 0.510065 10.037100 -0.455663 -0.599222 0.658259 3.529500 0.000000 0.000000 0.000000 1.000000
0.832295 -0.010589 0.554232 0.000000 -0.327198 0.797686 0.506595 10.037100 -0.447468 -0.602980 0.660445 3.529500 0.000000 0.000000 0.000000 1.000000
0.834005 -0.001547 0.551755 0.000000 -0.332325 0.796856 0.504560 10.037100 -0.440450 -0.604167 0.664068 3.529500 0.000000 0.000000 0.000000 1.000000
0.838733 -0.000419 0.544542 0.000000 -0.327267 0.798865 0.504689 10.037100 -0.435227 -0.601510 0.669898 3.529500 0.000000 0.000000 0.000000 1.000000
0.846194 -0.005977 0.532842 -0.000000 -0.314658 0.801388 0.508692 10.037100 -0.430054 -0.598115 0.676249 3.529500 0.000000 0.000000 0.000000 1.000000
0.854078 -0.014644 0.519939 0.000000 -0.300914 0.801435 0.516868 10.037100 -0.424266 -0.597902 0.680082 3.529500 0.000000 0.000000 0.000000 1.000000
0.859374 -0.024340 0.510769 0.000000 -0.290080 0.799384 0.526155 10.037100 -0.421107 -0.600328 0.679909 3.529500 0.000000 0.000000 0.000000 1.000000
0.860457 -0.035506 0.508285 -0.000000 -0.281492 0.798387 0.532297 10.037100 -0.424708 -0.601096 0.676983 3.529500 0.000000 0.000000 0.000000 1.000000
0.858163 -0.048556 0.511077 -0.000000 -0.272987 0.799947 0.534381 10.037100 -0.434782 -0.598103 0.673229 3.529500 0.000000 0.000000 0.000000 1.000000
0.854814 -0.061533 0.515273 0.000000 -0.264726 0.802320 0.534979 10.037100 -0.446333 -0.593714 0.669545 3.529500 0.000000 0.000000 0.000000 1.000000
0.852177 -0.070546 0.518476 0.000000 -0.259069 0.804013 0.535207 10.037100 -0.454618 -0.590412 0.666885 3.529500 0.000000 0.000000 0.000000 1.000000
0.850005 -0.072050 0.521824 0.000000 -0.258125 0.806556 0.531826 10.037100 -0.459198 -0.586750 0.666979 3.529500 0.000000 0.000000 0.000000 1.000000
0.846351 -0.065001 0.528645 0.000000 -0.262738 0.812414 0.520531 10.037100 -0.463313 -0.579447 0.670509 3.529500 0.000000 0.000000 0.000000 1.000000
0.839534 -0.052180 0.540796 -0.000000 -0.271853 0.821467 0.501287 10.037100 -0.470403 -0.567864 0.675464 3.529500 0.000000 0.000000 0.000000 1.000000
0.830285 -0.039674 0.555925 0.000000 -0.281433 0.831109 0.479638 10.037100 -0.481063 -0.554692 0.678892 3.529500 0.000000 0.000000 0.000000 1.000000
0.822092 -0.033277 0.568381 0.000000 -0.286256 0.838783 0.463142 10.037100 -0.492160 -0.543448 0.680031 3.529500 0.000000 0.000000 0.000000 1.000000
0.818775 -0.033667 0.573127 0.000000 -0.284964 0.842794 0.456611 10.037100 -0.498401 -0.537182 0.680465 3.529500 0.000000 0.000000 0.000000 1.000000
0.821398 -0.035858 0.569227 0.000000 -0.282082 0.841877 0.460079 10.037100 -0.495717 -0.538477 0.681401 3.529500 0.000000 0.000000 0.000000 1.000000
0.827635 -0.034973 0.560176 0.000000 -0.282841 0.836076 0.470083 10.037100 -0.484790 -0.547498 0.682074 3.529500 0.000000 0.000000 0.000000 1.000000
0.833896 -0.032114 0.550987 -0.000000 -0.286714 0.827828 0.482179 10.037100 -0.471607 -0.560062 0.681114 3.529500 0.000000 0.000000 0.000000 1.000000
0.838055 -0.032678 0.544607 0.000000 -0.288425 0.820780 0.493084 10.037100 -0.463115 -0.570309 0.678433 3.529500 0.000000 0.000000 0.000000 1.000000
0.839727 -0.040768 0.541476 0.000000 -0.283439 0.817643 0.501120 10.037100 -0.463164 -0.574280 0.675042 3.529500 0.000000 0.000000 0.000000 1.000000</float_array>
        <technique_common>
          <accessor source="#mixamorig_Head-Matrix-animation-output-transform-array" count="28" stride="16">
            <param type="float4x4"/>
          </accessor>
        </technique_common>
      </source>
      <source id="mixamorig_Head-Interpolations">
        <Name_array id="mixamorig_Head-Interpolations-array" count="28">
 LINEAR LINEAR LINEAR LINEAR LINEAR LINEAR LINEAR LINEAR LINEAR LINEAR LINEAR
LINEAR LINEAR LINEAR LINEAR LINEAR LINEAR LINEAR LINEAR LINEAR LINEAR LINEAR LINEAR
LINEAR LINEAR LINEAR LINEAR LINEAR</Name_array>
        <technique_common>
          <accessor source="#mixamorig_Head-Interpolations-array" count="28">
            <param type="name"/>
          </accessor>
        </technique_common>
      </source>
      <sampler id="mixamorig_Head-Matrix-animation-transform">
        <input semantic="INPUT" source="#mixamorig_Head-Matrix-animation-input"/>
        <input semantic="OUTPUT" source="#mixamorig_Head-Matrix-animation-output-transform"/>
        <input semantic="INTERPOLATION" source="#mixamorig_Head-Interpolations"/>
      </sampler>
      <channel source="#mixamorig_Head-Matrix-animation-transform" target="mixamorig_Head/matrix"/>
    </animation>
    <animation id="mixamorig_LeftShoulder-anim" name="mixamorig_LeftShoulder">
      <source id="mixamorig_LeftShoulder-Matrix-animation-input">
        <float_array id="mixamorig_LeftShoulder-Matrix-animation-input-array" count="28">

0.000000 0.033333 0.066667 0.100000 0.133333 0.166667 0.200000 0.233333 0.266667 0.300000 0.333333 0.366667 0.400000 0.433333 0.466667 0.500000
0.533333 0.566667 0.600000 0.633333 0.666667 0.700000 0.733333 0.766667 0.800000 0.833333 0.866667 0.900000</float_array>
        <technique_common>
          <accessor source="#mixamorig_LeftShoulder-Matrix-animation-input-array" count="28">
            <param name="TIME" type="float"/>
          </accessor>
        </technique_common>
      </source>
      <source id="mixamorig_LeftShoulder-Matrix-animation-output-transform">
        <float_array id="mixamorig_LeftShoulder-Matrix-animation-output-transform-array" count="448">

0.177859 0.967905 -0.177557 11.304900 0.057559 -0.190357 -0.980026 19.886000 -0.982371 0.164086 -0.089568 -3.966000 0.000000 0.000000 0.000000 1.000000
0.180786 0.972121 -0.149323 11.304900 0.058619 -0.162204 -0.985015 19.886000 -0.981774 0.169323 -0.086309 -3.966000 0.000000 0.000000 0.000000 1.000000
0.179238 0.972899 -0.146088 11.304900 0.058730 -0.158809 -0.985561 19.886000 -0.982051 0.168071 -0.085603 -3.966000 0.000000 0.000000 0.000000 1.000000
0.171777 0.970546 -0.168915 11.304900 0.057549 -0.181057 -0.981787 19.886000 -0.983453 0.158928 -0.086956 -3.966000 0.000000 0.000000 0.000000 1.000000
0.158424 0.964307 -0.212166 11.304900 0.055691 -0.223264 -0.973166 19.886000 -0.985799 0.142357 -0.089074 -3.966000 0.000000 0.000000 0.000000 1.000000
