<?xml version="1.0" encoding="utf-8"?>
<COLLADA xmlns="http://www.collada.org/2005/11/COLLADASchema" version="1.4.1">
  <asset>
    <contributor>
      <author>Mixamo</author>
      <authoring_tool>COLLADA Mixamo exporter</authoring_tool>
      <comments/>
    </contributor>
    <created>2024-10-24T18:59:52Z</created>
    <modified>2024-10-24T18:59:52Z</modified>
    <revision/>
    <title/>
    <unit meter="0.010000"/>
    <up_axis>Y_UP</up_axis>
  </asset>
  <library_animations>
    <animation id="mixamorig_Hips-anim" name="mixamorig_Hips">
      <source id="mixamorig_Hips-Matrix-animation-input">
        <float_array id="mixamorig_Hips-Matrix-animation-input-array" count="85">

0.000000 0.033333 0.066667 0.100000 0.133333 0.166667 0.200000 0.233333 0.266667 0.300000 0.333333 0.366667 0.400000 0.433333 0.466667 0.500000
0.533333 0.566667 0.600000 0.633333 0.666667 0.700000 0.733333 0.766667 0.800000 0.833333 0.866667 0.900000 0.933333 0.966667 1.000000 1.033333
1.066667 1.100000 1.133333 1.166667 1.200000 1.233333 1.266667 1.300000 1.333333 1.366667 1.400000 1.433333 1.466667 1.500000 1.533333 1.566667
1.600000 1.633333 1.666667 1.700000 1.733333 1.766667 1.800000 1.833333 1.866667 1.900000 1.933333 1.966667 2.000000 2.033333 2.066667 2.100000
2.133333 2.166667 2.200000 2.233333 2.266667 2.300000 2.333333 2.366667 2.400000 2.433333 2.466667 2.500000 2.533333 2.566667 2.600000 2.633333
2.666667 2.700000 2.733333 2.766667 2.800000</float_array>
        <technique_common>
          <accessor source="#mixamorig_Hips-Matrix-animation-input-array" count="85">
            <param name="TIME" type="float"/>
          </accessor>
        </technique_common>
      </source>
      <source id="mixamorig_Hips-Matrix-animation-output-transform">
        <float_array id="mixamorig_Hips-Matrix-animation-output-transform-array" count="1360">

0.997675 0.046387 -0.049935 0.058486 -0.040873 0.993496 0.106277 96.147278 0.054540 -0.103988 0.993082 0.303888 0.000000 0.000000 0.000000 1.000000
0.996288 0.049002 -0.070776 0.483209 -0.041279 0.993430 0.106733 96.091583 0.075541 -0.103415 0.991766 0.359141 0.000000 0.000000 0.000000 1.000000
0.994107 0.052733 -0.094708 0.957648 -0.042501 0.993353 0.106979 96.007858 0.099720 -0.102323 0.989740 0.421418 0.000000 0.000000 0.000000 1.000000
0.990770 0.057764 -0.122628 1.493912 -0.044730 0.993306 0.106499 95.896217 0.127959 -0.100031 0.986722 0.481093 0.000000 0.000000 0.000000 1.000000
0.985715 0.064022 -0.155779 2.092014 -0.047975 0.993348 0.104679 95.770447 0.161445 -0.095710 0.982230 0.522613 0.000000 0.000000 0.000000 1.000000
0.978213 0.071290 -0.194979 2.742082 -0.052220 0.993488 0.101262 95.650101 0.200929 -0.088874 0.975566 0.532710 0.000000 0.000000 0.000000 1.000000
0.967643 0.079259 -0.239553 3.431297 -0.057528 0.993679 0.096394 95.544235 0.245679 -0.079494 0.966086 0.506393 0.000000 0.000000 0.000000 1.000000
0.953673 0.087441 -0.287857 4.144987 -0.063911 0.993874 0.090168 95.451851 0.293978 -0.067594 0.953419 0.446449 0.000000 0.000000 0.000000 1.000000
0.935815 0.095602 -0.339279 4.869505 -0.071581 0.994004 0.082653 95.373749 0.345146 -0.053062 0.937048 0.361046 0.000000 0.000000 0.000000 1.000000
0.913298 0.104017 -0.393786 5.591388 -0.081096 0.993921 0.074457 95.311737 0.399137 -0.036067 0.916182 0.262613 0.000000 0.000000 0.000000 1.000000
0.886465 0.112944 -0.448802 6.294214 -0.092737 0.993445 0.066834 95.275818 0.453409 -0.017625 0.891128 0.166157 0.000000 0.000000 0.000000 1.000000
0.858256 0.122083 -0.498490 6.960053 -0.105698 0.992520 0.061092 95.291595 0.502220 0.000257 0.864740 0.085338 0.000000 0.000000 0.000000 1.000000
0.833215 0.130452 -0.537341 7.569248 -0.117862 0.991340 0.057911 95.358688 0.540242 0.015080 0.841374 0.032071 0.000000 0.000000 0.000000 1.000000
0.814433 0.136721 -0.563920 8.105454 -0.126700 0.990296 0.057111 95.414825 0.566256 0.024936 0.823852 0.021268 0.000000 0.000000 0.000000 1.000000
0.801848 0.140375 -0.580805 8.578838 -0.131308 0.989649 0.057907 95.401939 0.582922 0.029831 0.811980 0.065465 0.000000 0.000000 0.000000 1.000000
0.794004 0.141826 -0.591137 9.016519 -0.132512 0.989400 0.059390 95.317062 0.593295 0.031177 0.804381 0.163449 0.000000 0.000000 0.000000 1.000000
0.790716 0.140893 -0.595750 9.423508 -0.130391 0.989586 0.060971 95.147598 0.598136 0.029470 0.800853 0.294633 0.000000 0.000000 0.000000 1.000000
0.792249 0.139126 -0.594125 9.815613 -0.126961 0.989936 0.062513 94.915634 0.596843 0.025905 0.801940 0.426174 0.000000 0.000000 0.000000 1.000000
0.797834 0.137287 -0.587037 10.191278 -0.123264 0.990304 0.064070 94.607765 0.590141 0.021243 0.807021 0.531990 0.000000 0.000000 0.000000 1.000000
0.805223 0.135051 -0.577388 10.544101 -0.119080 0.990711 0.065659 94.258659 0.580892 0.015885 0.813826 0.604845 0.000000 0.000000 0.000000 1.000000
0.812228 0.132763 -0.568032 10.880933 -0.115080 0.991088 0.067088 93.937019 0.571876 0.010878 0.820268 0.648410 0.000000 0.000000 0.000000 1.000000
0.817950 0.130576 -0.560274 11.200598 -0.111566 0.991415 0.068180 93.719238 0.564367 0.006740 0.825496 0.658508 0.000000 0.000000 0.000000 1.000000
0.822487 0.128290 -0.554128 11.493838 -0.108140 0.991732 0.069093 93.620987 0.558410 0.003095 0.829559 0.631585 0.000000 0.000000 0.000000 1.000000
0.826349 0.126238 -0.548827 11.759604 -0.104967 0.992000 0.070130 93.613220 0.553290 -0.000343 0.832989 0.578801 0.000000 0.000000 0.000000 1.000000
0.830149 0.125261 -0.543289 12.012608 -0.103020 0.992119 0.071328 93.653893 0.547942 -0.003244 0.836510 0.515541 0.000000 0.000000 0.000000 1.000000
0.834211 0.125689 -0.536930 12.258760 -0.102782 0.992055 0.072539 93.695297 0.541782 -0.005326 0.840502 0.444716 0.000000 0.000000 0.000000 1.000000
0.838211 0.127189 -0.530308 12.493850 -0.103739 0.991854 0.073914 93.701279 0.535389 -0.006942 0.844577 0.367209 0.000000 0.000000 0.000000 1.000000
0.841313 0.129125 -0.524900 12.710976 -0.104722 0.991587 0.076081 93.658707 0.530308 -0.009040 0.847757 0.293045 0.000000 0.000000 0.000000 1.000000
0.843022 0.130757 -0.521744 12.897943 -0.104519 0.991335 0.079564 93.574783 0.527626 -0.012542 0.849384 0.252626 0.000000 0.000000 0.000000 1.000000
0.843979 0.131732 -0.519948 13.044918 -0.102865 0.991130 0.084138 93.465065 0.526420 -0.017526 0.850044 0.269263 0.000000 0.000000 0.000000 1.000000
0.845714 0.132310 -0.516975 13.150397 -0.100519 0.990931 0.089172 93.330315 0.524085 -0.023448 0.851343 0.341898 0.000000 0.000000 0.000000 1.000000
0.849373 0.133052 -0.510747 13.218534 -0.098382 0.990656 0.094459 93.181206 0.518543 -0.029983 0.854526 0.480535 0.000000 0.000000 0.000000 1.000000
0.854952 0.134430 -0.500985 13.245552 -0.096958 0.990227 0.100245 93.069885 0.509565 -0.037130 0.859631 0.704650 0.000000 0.000000 0.000000 1.000000
0.861932 0.136449 -0.488318 13.218541 -0.096351 0.989637 0.106462 93.046989 0.497785 -0.044713 0.866147 1.007929 0.000000 0.000000 0.000000 1.000000
0.870073 0.138624 -0.473029 13.139240 -0.096434 0.988967 0.112445 93.116547 0.483398 -0.052219 0.873842 1.359316 0.000000 0.000000 0.000000 1.000000
0.879274 0.140805 -0.455029 13.035635 -0.097456 0.988280 0.117496 93.273392 0.466240 -0.058966 0.882691 1.716545 0.000000 0.000000 0.000000 1.000000
0.889174 0.143288 -0.434554 12.936497 -0.099947 0.987591 0.121135 93.518501 0.446519 -0.064278 0.892462 2.030385 0.000000 0.000000 0.000000 1.000000
0.899056 0.146517 -0.412591 12.862395 -0.104528 0.986924 0.122700 93.881126 0.425174 -0.067187 0.902615 2.259190 0.000000 0.000000 0.000000 1.000000
0.907933 0.150233 -0.391265 12.834128 -0.110849 0.986381 0.121514 94.353996 0.404192 -0.066955 0.912220 2.347562 0.000000 0.000000 0.000000 1.000000
0.914813 0.155482 -0.372750 12.827297 -0.119679 0.985836 0.117493 94.807808 0.385738 -0.062873 0.920463 2.261414 0.000000 0.000000 0.000000 1.000000
0.919218 0.163518 -0.358191 12.804421 -0.131862 0.985003 0.111269 95.176689 0.371014 -0.055049 0.926994 2.029032 0.000000 0.000000 0.000000 1.000000
0.921626 0.175322 -0.346220 12.733860 -0.147993 0.983497 0.104078 95.380310 0.358753 -0.044683 0.932362 1.715518 0.000000 0.000000 0.000000 1.000000
0.923493 0.190815 -0.332790 12.612340 -0.167563 0.981027 0.097512 95.443069 0.345083 -0.034289 0.937946 1.379445 0.000000 0.000000 0.000000 1.000000
0.926837 0.206178 -0.313789 12.445693 -0.186368 0.978142 0.092222 95.471375 0.325945 -0.026994 0.945003 1.030870 0.000000 0.000000 0.000000 1.000000
0.932288 0.218348 -0.288379 12.254368 -0.201482 0.975593 0.087313 95.576836 0.300405 -0.023298 0.953527 0.688144 0.000000 0.000000 0.000000 1.000000
0.938313 0.227472 -0.260431 12.083770 -0.213123 0.973539 0.082469 95.803574 0.272299 -0.021878 0.961964 0.385732 0.000000 0.000000 0.000000 1.000000
0.943564 0.233080 -0.235288 11.916031 -0.220421 0.972190 0.079127 96.015388 0.247187 -0.022799 0.968699 0.190154 0.000000 0.000000 0.000000 1.000000
0.947286 0.237137 -0.215440 11.780109 -0.225257 0.971133 0.078482 96.198181 0.227832 -0.025816 0.973358 0.091145 0.000000 0.000000 0.000000 1.000000
0.950109 0.239863 -0.199396 11.653175 -0.228209 0.970332 0.079855 96.340309 0.212634 -0.030367 0.976660 0.062979 0.000000 0.000000 0.000000 1.000000
0.953006 0.240453 -0.184290 11.484731 -0.228920 0.970001 0.081812 96.432060 0.198434 -0.035780 0.979461 0.083536 0.000000 0.000000 0.000000 1.000000
0.955935 0.240246 -0.168732 11.308200 -0.228977 0.969833 0.083632 96.553200 0.183734 -0.041311 0.982108 0.088898 0.000000 0.000000 0.000000 1.000000
0.958943 0.238789 -0.152999 11.124021 -0.227947 0.969945 0.085129 96.689697 0.168728 -0.046758 0.984553 0.066352 0.000000 0.000000 0.000000 1.000000
0.962045 0.235324 -0.138177 10.928723 -0.225020 0.970534 0.086199 96.819962 0.154390 -0.051835 0.986649 0.029780 0.000000 0.000000 0.000000 1.000000
0.965069 0.230183 -0.125132 10.737559 -0.220464 0.971523 0.086828 96.967484 0.141555 -0.056208 0.988333 -0.014240 0.000000 0.000000 0.000000 1.000000
0.967988 0.223698 -0.113836 10.540651 -0.214571 0.972817 0.087102 97.125412 0.130227 -0.059888 0.989674 -0.049717 0.000000 0.000000 0.000000 1.000000
0.971047 0.215279 -0.103548 10.287132 -0.206745 0.974500 0.087210 97.207993 0.119682 -0.063277 0.990794 -0.052843 0.000000 0.000000 0.000000 1.000000
0.974040 0.206086 -0.093672 9.981026 -0.198141 0.976261 0.087493 97.203331 0.109479 -0.066662 0.991751 -0.046041 0.000000 0.000000 0.000000 1.000000
0.976859 0.196600 -0.084233 9.626325 -0.189216 0.977965 0.088215 97.116554 0.099720 -0.070236 0.992534 -0.038116 0.000000 0.000000 0.000000 1.000000
0.979539 0.186385 -0.075915 9.225874 -0.179491 0.979695 0.089337 96.955231 0.091024 -0.073883 0.993104 -0.029825 0.000000 0.000000 0.000000 1.000000
0.981955 0.175956 -0.069313 8.811215 -0.169452 0.981362 0.090636 96.747772 0.083969 -0.077255 0.993469 -0.030967 0.000000 0.000000 0.000000 1.000000
0.984120 0.165432 -0.064349 8.395329 -0.159215 0.982942 0.092062 96.485130 0.078481 -0.080355 0.993672 -0.037171 0.000000 0.000000 0.000000 1.000000
0.986109 0.154595 -0.060741 7.982755 -0.148552 0.984440 0.093864 96.217346 0.074307 -0.083537 0.993730 -0.047041 0.000000 0.000000 0.000000 1.000000
0.988009 0.142764 -0.058793 7.574393 -0.136739 0.985925 0.096195 96.029701 0.071698 -0.087003 0.993625 -0.067991 0.000000 0.000000 0.000000 1.000000
0.989557 0.131453 -0.059137 7.202406 -0.125244 0.987207 0.098669 95.982323 0.071351 -0.090232 0.993362 -0.115263 0.000000 0.000000 0.000000 1.000000
0.991059 0.117814 -0.062631 6.792166 -0.111154 0.988669 0.100892 95.755959 0.073807 -0.093028 0.992924 -0.183511 0.000000 0.000000 0.000000 1.000000
0.992076 0.105066 -0.068897 6.367141 -0.097653 0.989842 0.103328 95.338768 0.079053 -0.095781 0.992258 -0.278124 0.000000 0.000000 0.000000 1.000000
0.992231 0.098680 -0.075760 6.007502 -0.090294 0.990139 0.107107 95.035919 0.085582 -0.099435 0.991357 -0.396674 0.000000 0.000000 0.000000 1.000000
0.992288 0.094660 -0.080031 5.665637 -0.085378 0.989992 0.112367 94.850082 0.089866 -0.104667 0.990439 -0.517565 0.000000 0.000000 0.000000 1.000000
0.992860 0.089996 -0.078292 5.310860 -0.080472 0.989831 0.117297 94.774178 0.088052 -0.110159 0.990006 -0.624952 0.000000 0.000000 0.000000 1.000000
0.993992 0.083776 -0.070438 4.919165 -0.074948 0.989967 0.119787 94.787369 0.079767 -0.113788 0.990298 -0.710465 0.000000 0.000000 0.000000 1.000000
0.995218 0.076117 -0.061212 4.474570 -0.068407 0.990480 0.119457 94.869019 0.069722 -0.114699 0.990951 -0.763737 0.000000 0.000000 0.000000 1.000000
0.996134 0.067401 -0.056336 3.985377 -0.060427 0.991238 0.117454 94.996361 0.063759 -0.113596 0.991479 -0.770317 0.000000 0.000000 0.000000 1.000000
0.996641 0.058896 -0.056903 3.486644 -0.052080 0.992043 0.114620 95.149757 0.063201 -0.111272 0.991778 -0.727011 0.000000 0.000000 0.000000 1.000000
0.996880 0.052534 -0.058908 3.013744 -0.045772 0.992790 0.110783 95.321678 0.064303 -0.107741 0.992097 -0.651671 0.000000 0.000000 0.000000 1.000000
0.997087 0.049228 -0.058261 2.575658 -0.042856 0.993446 0.105965 95.508240 0.063096 -0.103160 0.992662 -0.568958 0.000000 0.000000 0.000000 1.000000
0.997331 0.048102 -0.054931 2.155309 -0.042348 0.993934 0.101497 95.696518 0.059480 -0.098900 0.993318 -0.486861 0.000000 0.000000 0.000000 1.000000
0.997505 0.047758 -0.051983 1.730112 -0.042426 0.994158 0.099251 95.867737 0.056419 -0.096798 0.993704 -0.390732 0.000000 0.000000 0.000000 1.000000
0.997524 0.047541 -0.051820 1.296746 -0.042197 0.994117 0.099756 96.007561 0.056258 -0.097322 0.993662 -0.263452 0.000000 0.000000 0.000000 1.000000
0.997414 0.047360 -0.054057 0.889585 -0.041684 0.993943 0.101680 96.107735 0.058545 -0.099164 0.993347 -0.112635 0.000000 0.000000 0.000000 1.000000
0.997285 0.047161 -0.056552 0.569315 -0.041138 0.993798 0.103315 96.165298 0.061074 -0.100708 0.993040 0.026255 0.000000 0.000000 0.000000 1.000000
0.997220 0.046972 -0.057842 0.371453 -0.040771 0.993735 0.104063 96.185905 0.062368 -0.101415 0.992887 0.120995 0.000000 0.000000 0.000000 1.000000
0.997195 0.046964 -0.058275 0.267785 -0.040699 0.993703 0.104395 96.183502 0.062811 -0.101730 0.992827 0.174186 0.000000 0.000000 0.000000 1.000000
0.997174 0.047141 -0.058498 0.197150 -0.040821 0.993646 0.104888 96.171860 0.063071 -0.102203 0.992762 0.213875 0.000000 0.000000 0.000000 1.000000
0.997251 0.047147 -0.057157 0.125431 -0.040920 0.993565 0.105610 96.158707 0.061769 -0.102981 0.992764 0.258355 0.000000 0.000000 0.000000 1.000000
0.997675 0.046387 -0.049935 0.058494 -0.040873 0.993496 0.106277 96.147278 0.054540 -0.103988 0.993082 0.303875 0.000000 0.000000 0.000000 1.000000</float_array>
        <technique_common>
          <accessor source="#mixamorig_Hips-Matrix-animation-output-transform-array" count="85" stride="16">
            <param type="float4x4"/>
          </accessor>
        </technique_common>
      </source>
      <source id="mixamorig_Hips-Interpolations">
        <Name_array id="mixamorig_Hips-Interpolations-array" count="85">
 LINEAR LINEAR LINEAR LINEAR LINEAR LINEAR LINEAR LINEAR LINEAR LINEAR LINEAR
LINEAR LINEAR LINEAR LINEAR LINEAR LINEAR LINEAR LINEAR LINEAR LINEAR LINEAR LINEAR
LINEAR LINEAR LINEAR LINEAR LINEAR LINEAR LINEAR LINEAR LINEAR LINEAR LINEAR LINEAR
LINEAR LINEAR LINEAR LINEAR LINEAR LINEAR LINEAR LINEAR LINEAR LINEAR LINEAR LINEAR
LINEAR LINEAR LINEAR LINEAR LINEAR LINEAR LINEAR LINEAR LINEAR LINEAR LINEAR LINEAR
LINEAR LINEAR LINEAR LINEAR LINEAR LINEAR LINEAR LINEAR LINEAR LINEAR LINEAR LINEAR
LINEAR LINEAR LINEAR LINEAR LINEAR LINEAR LINEAR LINEAR LINEAR LINEAR LINEAR LINEAR
LINEAR LINEAR</Name_array>
        <technique_common>
          <accessor source="#mixamorig_Hips-Interpolations-array" count="85">
            <param type="name"/>
          </accessor>
        </technique_common>
      </source>
      <sampler id="mixamorig_Hips-Matrix-animation-transform">
        <input semantic="INPUT" source="#mixamorig_Hips-Matrix-animation-input"/>
        <input semantic="OUTPUT" source="#mixamorig_Hips-Matrix-animation-output-transform"/>
        <input semantic="INTERPOLATION" source="#mixamorig_Hips-Interpolations"/>
      </sampler>
      <channel source="#mixamorig_Hips-Matrix-animation-transform" target="mixamorig_Hips/matrix"/>
    </animation>
    <animation id="mixamorig_Spine-anim" name="mixamorig_Spine">
      <source id="mixamorig_Spine-Matrix-animation-input">
        <float_array id="mixamorig_Spine-Matrix-animation-input-array" count="85">

0.000000 0.033333 0.066667 0.100000 0.133333 0.166667 0.200000 0.233333 0.266667 0.300000 0.333333 0.366667 0.400000 0.433333 0.466667 0.500000
0.533333 0.566667 0.600000 0.633333 0.666667 0.700000 0.733333 0.766667 0.800000 0.833333 0.866667 0.900000 0.933333 0.966667 1.000000 1.033333
1.066667 1.100000 1.133333 1.166667 1.200000 1.233333 1.266667 1.300000 1.333333 1.366667 1.400000 1.433333 1.466667 1.500000 1.533333 1.566667
1.600000 1.633333 1.666667 1.700000 1.733333 1.766667 1.800000 1.833333 1.866667 1.900000 1.933333 1.966667 2.000000 2.033333 2.066667 2.100000
2.133333 2.166667 2.200000 2.233333 2.266667 2.300000 2.333333 2.366667 2.400000 2.433333 2.466667 2.500000 2.533333 2.566667 2.600000 2.633333
2.666667 2.700000 2.733333 2.766667 2.800000</float_array>
        <technique_common>
          <accessor source="#mixamorig_Spine-Matrix-animation-input-array" count="85">
            <param name="TIME" type="float"/>
          </accessor>
        </technique_common>
      </source>
      <source id="mixamorig_Spine-Matrix-animation-output-transform">
        <float_array id="mixamorig_Spine-Matrix-animation-output-transform-array" count="1360">

0.995894 -0.017961 0.088726 0.012400 0.027753 0.993500 -0.110397 10.445200 -0.086166 0.112406 0.989919 -0.996300 0.000000 0.000000 0.000000 1.000000
0.995860 -0.016224 0.089437 0.012400 0.026096 0.993551 -0.110339 10.445200 -0.087070 0.112216 0.989862 -0.996300 0.000000 0.000000 0.000000 1.000000
0.995909 -0.014972 0.089108 0.012400 0.024814 0.993579 -0.110388 10.445200 -0.086883 0.112148 0.989886 -0.996300 0.000000 0.000000 0.000000 1.000000
0.996031 -0.013930 0.087914 0.012400 0.023639 0.993608 -0.110381 10.445200 -0.085815 0.112021 0.989993 -0.996300 0.000000 0.000000 0.000000 1.000000
0.996174 -0.012656 0.086473 0.012400 0.022174 0.993682 -0.110019 10.445200 -0.084534 0.111516 0.990161 -0.996300 0.000000 0.000000 0.000000 1.000000
0.996301 -0.010789 0.085250 0.012400 0.020107 0.993815 -0.109215 10.445200 -0.083544 0.110525 0.990356 -0.996300 0.000000 0.000000 0.000000 1.000000
0.996471 -0.008213 0.083532 0.012400 0.017264 0.993977 -0.108222 10.445200 -0.082140 0.109282 0.990611 -0.996300 0.000000 0.000000 0.000000 1.000000
0.996757 -0.004969 0.080321 0.012400 0.013585 0.994157 -0.107088 10.445200 -0.079320 0.107832 0.991000 -0.996300 0.000000 0.000000 0.000000 1.000000
0.997046 -0.001379 0.076800 0.012400 0.009493 0.994385 -0.105394 10.445200 -0.076224 0.105812 0.991460 -0.996300 0.000000 0.000000 0.000000 1.000000
0.997130 0.001872 0.075686 0.012400 0.005941 0.994677 -0.102871 10.445200 -0.075476 0.103026 0.991811 -0.996300 0.000000 0.000000 0.000000 1.000000
0.997026 0.004046 0.076965 0.012400 0.003671 0.994994 -0.099863 10.445200 -0.076984 0.099849 0.992020 -0.996300 0.000000 0.000000 0.000000 1.000000
0.997054 0.004804 0.076552 0.012400 0.002661 0.995269 -0.097117 10.445200 -0.076657 0.097034 0.992325 -0.996300 0.000000 0.000000 0.000000 1.000000
0.997501 0.004698 0.070492 0.012400 0.002048 0.995445 -0.095316 10.445200 -0.070618 0.095222 0.992948 -0.996300 0.000000 0.000000 0.000000 1.000000
0.998233 0.005093 0.059195 0.012400 0.000531 0.995514 -0.094616 10.445200 -0.059412 0.094480 0.993752 -0.996300 0.000000 0.000000 0.000000 1.000000
0.998886 0.006525 0.046736 0.012400 -0.002086 0.995532 -0.094405 10.445200 -0.047143 0.094203 0.994436 -0.996300 0.000000 0.000000 0.000000 1.000000
0.999294 0.008419 0.036606 0.012400 -0.004948 0.995570 -0.093893 10.445200 -0.037235 0.093646 0.994909 -0.996300 0.000000 0.000000 0.000000 1.000000
0.999511 0.011365 0.029133 0.012400 -0.008609 0.995626 -0.093030 10.445200 -0.030063 0.092733 0.995237 -0.996300 0.000000 0.000000 0.000000 1.000000
0.999621 0.014244 0.023555 0.012400 -0.012009 0.995647 -0.092422 10.445200 -0.024769 0.092104 0.995441 -0.996300 0.000000 0.000000 0.000000 1.000000
0.999656 0.016858 0.020099 0.012400 -0.014928 0.995595 -0.092560 10.445200 -0.021571 0.092229 0.995504 -0.996300 0.000000 0.000000 0.000000 1.000000
0.999601 0.019977 0.019944 0.012400 -0.018035 0.995484 -0.093206 10.445200 -0.021716 0.092809 0.995447 -0.996300 0.000000 0.000000 0.000000 1.000000
0.999461 0.023262 0.023182 0.012400 -0.020994 0.995382 -0.093673 10.445200 -0.025254 0.093136 0.995333 -0.996300 0.000000 0.000000 0.000000 1.000000
0.999238 0.026721 0.028459 0.012400 -0.023954 0.995332 -0.093487 10.445200 -0.030824 0.092734 0.995214 -0.996300 0.000000 0.000000 0.000000 1.000000
0.998941 0.030829 0.034151 0.012400 -0.027549 0.995316 -0.092671 10.445200 -0.036848 0.091632 0.995111 -0.996300 0.000000 0.000000 0.000000 1.000000
0.998631 0.034945 0.038920 0.012400 -0.031262 0.995310 -0.091541 10.445200 -0.041936 0.090199 0.995040 -0.996300 0.000000 0.000000 0.000000 1.000000
0.998410 0.037472 0.042109 0.012400 -0.033545 0.995341 -0.090390 10.445200 -0.045300 0.088834 0.995016 -0.996300 0.000000 0.000000 0.000000 1.000000
0.998296 0.037867 0.044404 0.012400 -0.033782 0.995424 -0.089385 10.445200 -0.047585 0.087732 0.995007 -0.996300 0.000000 0.000000 0.000000 1.000000
0.998190 0.037113 0.047325 0.012400 -0.032811 0.995523 -0.088636 10.445200 -0.050403 0.086923 0.994939 -0.996300 0.000000 0.000000 0.000000 1.000000
0.997977 0.036848 0.051806 0.012400 -0.032179 0.995580 -0.088232 10.445200 -0.054828 0.086386 0.994752 -0.996300 0.000000 0.000000 0.000000 1.000000
0.997599 0.038496 0.057574 0.012400 -0.033336 0.995558 -0.088052 10.445200 -0.060708 0.085922 0.994451 -0.996300 0.000000 0.000000 0.000000 1.000000
0.997094 0.042100 0.063499 0.012400 -0.036443 0.995475 -0.087760 10.445200 -0.066906 0.085191 0.994116 -0.996300 0.000000 0.000000 0.000000 1.000000
0.996599 0.046204 0.068238 0.012400 -0.040177 0.995379 -0.087210 10.445200 -0.071953 0.084172 0.993850 -0.996300 0.000000 0.000000 0.000000 1.000000
0.996241 0.049336 0.071202 0.012400 -0.043100 0.995310 -0.086600 10.445200 -0.075140 0.083205 0.993696 -0.996300 0.000000 0.000000 0.000000 1.000000
0.996022 0.051298 0.072858 0.012400 -0.044967 0.995278 -0.086020 10.445200 -0.076927 0.082402 0.993626 -0.996300 0.000000 0.000000 0.000000 1.000000
0.995863 0.053086 0.073752 0.012400 -0.046745 0.995268 -0.085189 10.445200 -0.077926 0.081389 0.993631 -0.996300 0.000000 0.000000 0.000000 1.000000
0.995709 0.055837 0.073801 0.012400 -0.049592 0.995240 -0.083892 10.445200 -0.078134 0.079872 0.993738 -0.996300 0.000000 0.000000 0.000000 1.000000
0.995569 0.059540 0.072788 0.012400 -0.053491 0.995162 -0.082411 10.445200 -0.077343 0.078152 0.993937 -0.996300 0.000000 0.000000 0.000000 1.000000
0.995428 0.063490 0.071358 0.012400 -0.057650 0.995036 -0.081116 10.445200 -0.076153 0.076632 0.994147 -0.996300 0.000000 0.000000 0.000000 1.000000
0.995137 0.067414 0.071819 0.012400 -0.061639 0.994903 -0.079804 10.445200 -0.076833 0.074989 0.994220 -0.996300 0.000000 0.000000 0.000000 1.000000
0.994299 0.072636 0.078058 0.012400 -0.066535 0.994722 -0.078112 10.445200 -0.083320 0.072473 0.993884 -0.996300 0.000000 0.000000 0.000000 1.000000
0.992586 0.078834 0.092506 0.012400 -0.071900 0.994509 -0.076039 10.445200 -0.097992 0.068824 0.992804 -0.996300 0.000000 0.000000 0.000000 1.000000
0.990006 0.083935 0.113328 0.012400 -0.075873 0.994392 -0.073671 10.445200 -0.118877 0.064336 0.990823 -0.996300 0.000000 0.000000 0.000000 1.000000
0.987298 0.084864 0.134318 0.012400 -0.075812 0.994581 -0.071138 10.445200 -0.139627 0.060052 0.988382 -0.996300 0.000000 0.000000 0.000000 1.000000
0.985710 0.080141 0.148163 0.012400 -0.070440 0.995084 -0.069611 10.445200 -0.153013 0.058180 0.986510 -0.996300 0.000000 0.000000 0.000000 1.000000
0.985813 0.073511 0.150891 0.012400 -0.063376 0.995467 -0.070915 10.445200 -0.155420 0.060346 0.986003 -0.996300 0.000000 0.000000 0.000000 1.000000
0.987139 0.068310 0.144535 0.012400 -0.057973 0.995530 -0.074563 10.445200 -0.148983 0.065224 0.986686 -0.996300 0.000000 0.000000 0.000000 1.000000
0.988597 0.064478 0.136079 0.012400 -0.054185 0.995477 -0.078039 10.445200 -0.140496 0.069776 0.987620 -0.996300 0.000000 0.000000 0.000000 1.000000
0.989308 0.062677 0.131683 0.012400 -0.052389 0.995402 -0.080193 10.445200 -0.136104 0.072437 0.988043 -0.996300 0.000000 0.000000 0.000000 1.000000
0.989282 0.060860 0.132728 0.012400 -0.050357 0.995433 -0.081104 10.445200 -0.137058 0.073551 0.987829 -0.996300 0.000000 0.000000 0.000000 1.000000
0.988900 0.058858 0.136427 0.012400 -0.048038 0.995532 -0.081288 10.445200 -0.140602 0.073832 0.987310 -0.996300 0.000000 0.000000 0.000000 1.000000
0.988464 0.057948 0.139932 0.012400 -0.046857 0.995588 -0.081294 10.445200 -0.144025 0.073800 0.986818 -0.996300 0.000000 0.000000 0.000000 1.000000
0.988135 0.057217 0.142531 0.012400 -0.045888 0.995613 -0.081546 10.445200 -0.146572 0.074038 0.986425 -0.996300 0.000000 0.000000 0.000000 1.000000
0.987930 0.057120 0.143982 0.012400 -0.045525 0.995544 -0.082578 10.445200 -0.148057 0.075027 0.986129 -0.996300 0.000000 0.000000 0.000000 1.000000
0.987768 0.058140 0.144687 0.012400 -0.046238 0.995366 -0.084311 10.445200 -0.148919 0.076589 0.985879 -0.996300 0.000000 0.000000 0.000000 1.000000
0.987359 0.059941 0.146727 0.012400 -0.047645 0.995162 -0.085927 10.445200 -0.151168 0.077850 0.985438 -0.996300 0.000000 0.000000 0.000000 1.000000
0.986481 0.062360 0.151547 0.012400 -0.049565 0.994993 -0.086792 10.445200 -0.156201 0.078107 0.984632 -0.996300 0.000000 0.000000 0.000000 1.000000
0.985339 0.065921 0.157356 0.012400 -0.052634 0.994802 -0.087168 10.445200 -0.162284 0.077608 0.983687 -0.996300 0.000000 0.000000 0.000000 1.000000
0.984379 0.069263 0.161864 0.012400 -0.055605 0.994617 -0.087441 10.445200 -0.167049 0.077075 0.982931 -0.996300 0.000000 0.000000 0.000000 1.000000
0.983650 0.071976 0.165081 0.012400 -0.058016 0.994440 -0.087886 10.445200 -0.170489 0.076871 0.982356 -0.996300 0.000000 0.000000 0.000000 1.000000
0.982940 0.074673 0.168084 0.012400 -0.060387 0.994238 -0.088564 10.445200 -0.173729 0.076903 0.981786 -0.996300 0.000000 0.000000 0.000000 1.000000
0.982342 0.076629 0.170683 0.012400 -0.062058 0.994084 -0.089135 10.445200 -0.176503 0.076969 0.981286 -0.996300 0.000000 0.000000 0.000000 1.000000
0.982111 0.077199 0.171750 0.012400 -0.062497 0.994031 -0.089425 10.445200 -0.177628 0.077091 0.981073 -0.996300 0.000000 0.000000 0.000000 1.000000
0.982259 0.076193 0.171352 0.012400 -0.061467 0.994073 -0.089669 10.445200 -0.177169 0.077546 0.981121 -0.996300 0.000000 0.000000 0.000000 1.000000
0.982497 0.074040 0.170930 0.012400 -0.059222 0.994159 -0.090223 10.445200 -0.176612 0.078521 0.981144 -0.996300 0.000000 0.000000 0.000000 1.000000
0.982794 0.069102 0.171290 0.012400 -0.054089 0.994397 -0.090819 10.445200 -0.176606 0.079992 0.981026 -0.996300 0.000000 0.000000 0.000000 1.000000
0.983037 0.065103 0.171464 0.012400 -0.049759 0.994485 -0.092322 10.445200 -0.176529 0.082224 0.980855 -0.996300 0.000000 0.000000 0.000000 1.000000
0.983591 0.060725 0.169885 0.012400 -0.044893 0.994413 -0.095533 10.445200 -0.174737 0.086338 0.980822 -0.996300 0.000000 0.000000 0.000000 1.000000
0.984905 0.051599 0.165227 0.012400 -0.035173 0.994281 -0.100840 10.445200 -0.169485 0.093507 0.981087 -0.996300 0.000000 0.000000 0.000000 1.000000
0.986842 0.040848 0.156445 0.012400 -0.023958 0.993822 -0.108366 10.445200 -0.159905 0.103192 0.981724 -0.996300 0.000000 0.000000 0.000000 1.000000
0.989239 0.029908 0.143218 0.012400 -0.013236 0.993164 -0.115977 10.445200 -0.145708 0.112833 0.982872 -0.996300 0.000000 0.000000 0.000000 1.000000
0.991672 0.019544 0.127294 0.012400 -0.004004 0.992619 -0.121205 10.445200 -0.128723 0.119686 0.984432 -0.996300 0.000000 0.000000 0.000000 1.000000
0.993571 0.011095 0.112667 0.012400 0.002891 0.992375 -0.123225 10.445200 -0.113175 0.122759 0.985962 -0.996300 0.000000 0.000000 0.000000 1.000000
0.994688 0.005508 0.102784 0.012400 0.007189 0.992411 -0.122756 10.445200 -0.102680 0.122843 0.987100 -0.996300 0.000000 0.000000 0.000000 1.000000
0.995216 0.001877 0.097683 0.012400 0.009995 0.992614 -0.120906 10.445200 -0.097189 0.121304 0.987846 -0.996300 0.000000 0.000000 0.000000 1.000000
0.995474 -0.001491 0.095020 0.012400 0.012793 0.992878 -0.118443 10.445200 -0.094167 0.119122 0.988404 -0.996300 0.000000 0.000000 0.000000 1.000000
0.995651 -0.005279 0.093014 0.012400 0.016080 0.993147 -0.115757 10.445200 -0.091765 0.116749 0.988913 -0.996300 0.000000 0.000000 0.000000 1.000000
0.995784 -0.009064 0.091283 0.012400 0.019415 0.993389 -0.113145 10.445200 -0.089654 0.114440 0.989376 -0.996300 0.000000 0.000000 0.000000 1.000000
0.995876 -0.012239 0.089900 0.012400 0.022228 0.993576 -0.110960 10.445200 -0.087964 0.112501 0.989750 -0.996300 0.000000 0.000000 0.000000 1.000000
0.995941 -0.014560 0.088820 0.012400 0.024291 0.993692 -0.109484 10.445200 -0.086665 0.111197 0.990012 -0.996300 0.000000 0.000000 0.000000 1.000000
0.995987 -0.016111 0.088036 0.012400 0.025688 0.993736 -0.108764 10.445200 -0.085732 0.110589 0.990162 -0.996300 0.000000 0.000000 0.000000 1.000000
0.996005 -0.017099 0.087642 0.012400 0.026618 0.993726 -0.108630 10.445200 -0.085235 0.110529 0.990211 -0.996300 0.000000 0.000000 0.000000 1.000000
0.995994 -0.017698 0.087653 0.012400 0.027239 0.993683 -0.108871 10.445200 -0.085173 0.110822 0.990184 -0.996300 0.000000 0.000000 0.000000 1.000000
0.995963 -0.018010 0.087941 0.012400 0.027619 0.993624 -0.109311 10.445200 -0.085412 0.111299 0.990110 -0.996300 0.000000 0.000000 0.000000 1.000000
0.995928 -0.018094 0.088313 0.012400 0.027788 0.993565 -0.109798 10.445200 -0.085758 0.111804 0.990023 -0.996300 0.000000 0.000000 0.000000 1.000000
0.995903 -0.018042 0.088607 0.012400 0.027803 0.993522 -0.110191 10.445200 -0.086045 0.112203 0.989953 -0.996300 0.000000 0.000000 0.000000 1.000000
0.995894 -0.017961 0.088726 0.012400 0.027753 0.993500 -0.110397 10.445200 -0.086166 0.112406 0.989919 -0.996300 0.000000 0.000000 0.000000 1.000000</float_array>
        <technique_common>
          <accessor source="#mixamorig_Spine-Matrix-animation-output-transform-array" count="85" stride="16">
            <param type="float4x4"/>
          </accessor>
        </technique_common>
      </source>
      <source id="mixamorig_Spine-Interpolations">
        <Name_array id="mixamorig_Spine-Interpolations-array" count="85">
 LINEAR LINEAR LINEAR LINEAR LINEAR LINEAR LINEAR LINEAR LINEAR LINEAR LINEAR
LINEAR LINEAR LINEAR LINEAR LINEAR LINEAR LINEAR LINEAR LINEAR LINEAR LINEAR LINEAR
LINEAR LINEAR LINEAR LINEAR LINEAR LINEAR LINEAR LINEAR LINEAR LINEAR LINEAR LINEAR
LINEAR LINEAR LINEAR LINEAR LINEAR LINEAR LINEAR LINEAR LINEAR LINEAR LINEAR LINEAR
LINEAR LINEAR LINEAR LINEAR LINEAR LINEAR LINEAR LINEAR LINEAR LINEAR LINEAR LINEAR
LINEAR LINEAR LINEAR LINEAR LINEAR LINEAR LINEAR LINEAR LINEAR LINEAR LINEAR LINEAR
LINEAR LINEAR LINEAR LINEAR LINEAR LINEAR LINEAR LINEAR LINEAR LINEAR LINEAR LINEAR
LINEAR LINEAR</Name_array>
        <technique_common>
          <accessor source="#mixamorig_Spine-Interpolations-array" count="85">
            <param type="name"/>
          </accessor>
        </technique_common>
      </source>
      <sampler id="mixamorig_Spine-Matrix-animation-transform">
        <input semantic="INPUT" source="#mixamorig_Spine-Matrix-animation-input"/>
        <input semantic="OUTPUT" source="#mixamorig_Spine-Matrix-animation-output-transform"/>
        <input semantic="INTERPOLATION" source="#mixamorig_Spine-Interpolations"/>
      </sampler>
      <channel source="#mixamorig_Spine-Matrix-animation-transform" target="mixamorig_Spine/matrix"/>
    </animation>
    <animation id="mixamorig_Spine1-anim" name="mixamorig_Spine1">
      <source id="mixamorig_Spine1-Matrix-animation-input">
        <float_array id="mixamorig_Spine1-Matrix-animation-input-array" count="85">

0.000000 0.033333 0.066667 0.100000 0.133333 0.166667 0.200000 0.233333 0.266667 0.300000 0.333333 0.366667 0.400000 0.433333 0.466667 0.500000
0.533333 0.566667 0.600000 0.633333 0.666667 0.700000 0.733333 0.766667 0.800000 0.833333 0.866667 0.900000 0.933333 0.966667 1.000000 1.033333
1.066667 1.100000 1.133333 1.166667 1.200000 1.233333 1.266667 1.300000 1.333333 1.366667 1.400000 1.433333 1.466667 1.500000 1.533333 1.566667
1.600000 1.633333 1.666667 1.700000 1.733333 1.766667 1.800000 1.833333 1.866667 1.900000 1.933333 1.966667 2.000000 2.033333 2.066667 2.100000
2.133333 2.166667 2.200000 2.233333 2.266667 2.300000 2.333333 2.366667 2.400000 2.433333 2.466667 2.500000 2.533333 2.566667 2.600000 2.633333
2.666667 2.700000 2.733333 2.766667 2.800000</float_array>
        <technique_common>
          <accessor source="#mixamorig_Spine1-Matrix-animation-input-array" count="85">
            <param name="TIME" type="float"/>
          </accessor>
        </technique_common>
      </source>
      <source id="mixamorig_Spine1-Matrix-animation-output-transform">
        <float_array id="mixamorig_Spine1-Matrix-animation-output-transform-array" count="1360">

0.999823 0.001136 0.018782 0.000000 0.002467 0.981643 -0.190712 12.174800 -0.018654 0.190724 0.981466 0.000000 0.000000 0.000000 0.000000 1.000000
0.999822 0.001375 0.018823 0.000000 0.002240 0.981644 -0.190712 12.174800 -0.018740 0.190720 0.981466 0.000000 0.000000 0.000000 0.000000 1.000000
0.999823 0.001585 0.018731 0.000000 0.002017 0.981644 -0.190710 12.174800 -0.018689 0.190714 0.981468 0.000000 0.000000 0.000000 0.000000 1.000000
0.999827 0.001808 0.018498 0.000000 0.001753 0.981644 -0.190716 12.174800 -0.018504 0.190715 0.981471 0.000000 0.000000 0.000000 0.000000 1.000000
0.999832 0.002009 0.018236 0.000000 0.001506 0.981642 -0.190728 12.174800 -0.018285 0.190723 0.981474 0.000000 0.000000 0.000000 0.000000 1.000000
0.999835 0.002142 0.018040 0.000000 0.001338 0.981644 -0.190719 12.174800 -0.018117 0.190712 0.981479 -0.000000 0.000000 0.000000 0.000000 1.000000
0.999840 0.002272 0.017752 -0.000000 0.001154 0.981659 -0.190641 12.174800 -0.017860 0.190631 0.981499 0.000000 0.000000 0.000000 0.000000 1.000000
0.999850 0.002561 0.017145 -0.000000 0.000751 0.981693 -0.190466 12.174800 -0.017319 0.190451 0.981544 0.000000 0.000000 0.000000 0.000000 1.000000
0.999860 0.003048 0.016447 0.000000 0.000136 0.981746 -0.190195 12.174800 -0.016726 0.190170 0.981609 0.000000 0.000000 0.000000 0.000000 1.000000
0.999862 0.003538 0.016224 0.000000 -0.000394 0.981814 -0.189843 12.174800 -0.016601 0.189810 0.981680 0.000000 0.000000 0.000000 0.000000 1.000000
0.999857 0.003873 0.016483 0.000000 -0.000679 0.981883 -0.189486 12.174800 -0.016919 0.189448 0.981745 -0.000000 0.000000 0.000000 0.000000 1.000000
0.999857 0.004135 0.016380 0.000000 -0.000960 0.981931 -0.189239 12.174800 -0.016867 0.189196 0.981794 0.000000 0.000000 0.000000 0.000000 1.000000
0.999876 0.004437 0.015112 0.000000 -0.001499 0.981955 -0.189108 12.174800 -0.015679 0.189062 0.981840 0.000000 0.000000 0.000000 0.000000 1.000000
0.999907 0.004743 0.012786 -0.000000 -0.002242 0.981980 -0.188970 12.174800 -0.013452 0.188924 0.981900 0.000000 0.000000 0.000000 0.000000 1.000000
0.999935 0.004965 0.010222 0.000000 -0.002947 0.982020 -0.188756 12.174800 -0.010975 0.188714 0.981971 0.000000 0.000000 0.000000 0.000000 1.000000
0.999954 0.005071 0.008112 0.000000 -0.003451 0.982064 -0.188516 12.174800 -0.008922 0.188480 0.982037 0.000000 0.000000 0.000000 0.000000 1.000000
0.999966 0.005088 0.006561 0.000000 -0.003762 0.982105 -0.188298 12.174800 -0.007402 0.188267 0.982090 0.000000 0.000000 0.000000 0.000000 1.000000
0.999973 0.005057 0.005385 0.000000 -0.003954 0.982149 -0.188062 12.174800 -0.006240 0.188036 0.982142 0.000000 0.000000 0.000000 0.000000 1.000000
0.999977 0.005000 0.004617 -0.000000 -0.004044 0.982208 -0.187754 12.174800 -0.005474 0.187731 0.982205 0.000000 0.000000 0.000000 0.000000 1.000000
0.999978 0.004920 0.004479 -0.000000 -0.003993 0.982280 -0.187374 12.174800 -0.005321 0.187352 0.982278 0.000000 0.000000 0.000000 0.000000 1.000000
0.999976 0.004840 0.004974 0.000000 -0.003824 0.982362 -0.186950 12.174800 -0.005791 0.186927 0.982357 0.000000 0.000000 0.000000 0.000000 1.000000
0.999971 0.004840 0.005818 0.000000 -0.003670 0.982449 -0.186493 12.174800 -0.006618 0.186467 0.982439 0.000000 0.000000 0.000000 0.000000 1.000000
0.999965 0.004985 0.006676 0.000000 -0.003656 0.982540 -0.186017 12.174800 -0.007487 0.185987 0.982524 0.000000 0.000000 0.000000 0.000000 1.000000
0.999960 0.005216 0.007281 -0.000000 -0.003775 0.982625 -0.185562 12.174800 -0.008122 0.185527 0.982606 0.000000 0.000000 0.000000 0.000000 1.000000
0.999957 0.005363 0.007518 0.000000 -0.003878 0.982700 -0.185162 12.174800 -0.008381 0.185125 0.982679 -0.000000 0.000000 0.000000 0.000000 1.000000
0.999957 0.005270 0.007580 -0.000000 -0.003779 0.982765 -0.184823 12.174800 -0.008423 0.184786 0.982743 0.000000 0.000000 0.000000 0.000000 1.000000
0.999957 0.004945 0.007826 0.000000 -0.003416 0.982819 -0.184538 12.174800 -0.008604 0.184503 0.982794 0.000000 0.000000 0.000000 0.000000 1.000000
0.999954 0.004634 0.008450 0.000000 -0.002997 0.982860 -0.184327 12.174800 -0.009159 0.184293 0.982829 0.000000 0.000000 0.000000 0.000000 1.000000
0.999945 0.004655 0.009395 0.000000 -0.002844 0.982883 -0.184208 12.174800 -0.010091 0.184171 0.982842 -0.000000 0.000000 0.000000 0.000000 1.000000
0.999933 0.005058 0.010453 0.000000 -0.003047 0.982894 -0.184145 12.174800 -0.011206 0.184101 0.982843 0.000000 0.000000 0.000000 0.000000 1.000000
0.999920 0.005631 0.011359 0.000000 -0.003443 0.982905 -0.184084 12.174800 -0.012202 0.184030 0.982845 -0.000000 0.000000 0.000000 0.000000 1.000000
0.999909 0.006219 0.011993 0.000000 -0.003906 0.982912 -0.184037 12.174800 -0.012933 0.183973 0.982846 0.000000 0.000000 0.000000 0.000000 1.000000
0.999899 0.006848 0.012462 -0.000000 -0.004437 0.982902 -0.184074 12.174800 -0.013510 0.184000 0.982833 0.000000 0.000000 0.000000 0.000000 1.000000
0.999888 0.007569 0.012895 0.000000 -0.005065 0.982872 -0.184222 12.174800 -0.014068 0.184136 0.982800 0.000000 0.000000 0.000000 0.000000 1.000000
0.999876 0.008412 0.013280 0.000000 -0.005819 0.982829 -0.184425 12.174800 -0.014603 0.184325 0.982757 0.000000 0.000000 0.000000 0.000000 1.000000
0.999864 0.009414 0.013544 -0.000000 -0.006752 0.982786 -0.184625 12.174800 -0.015049 0.184509 0.982716 -0.000000 0.000000 0.000000 0.000000 1.000000
0.999849 0.010607 0.013748 -0.000000 -0.007885 0.982747 -0.184788 12.174800 -0.015471 0.184652 0.982682 0.000000 0.000000 0.000000 0.000000 1.000000
0.999825 0.012075 0.014291 -0.000000 -0.009227 0.982723 -0.184851 12.174800 -0.016276 0.184687 0.982663 -0.000000 0.000000 0.000000 0.000000 1.000000
0.999776 0.014009 0.015840 -0.000000 -0.010842 0.982717 -0.184795 12.174800 -0.018155 0.184582 0.982649 0.000000 0.000000 0.000000 0.000000 1.000000
0.999687 0.016442 0.018832 0.000000 -0.012682 0.982698 -0.184779 12.174800 -0.021544 0.184483 0.982600 -0.000000 0.000000 0.000000 0.000000 1.000000
0.999560 0.018837 0.022916 0.000000 -0.014274 0.982612 -0.185121 12.174800 -0.026005 0.184712 0.982448 0.000000 0.000000 0.000000 0.000000 1.000000
0.999432 0.020215 0.026976 0.000000 -0.014849 0.982422 -0.186082 12.174800 -0.030263 0.185576 0.982164 -0.000000 0.000000 0.000000 0.000000 1.000000
0.999359 0.019921 0.029728 0.000000 -0.013996 0.982137 -0.187647 12.174800 -0.032935 0.187111 0.981786 0.000000 0.000000 0.000000 0.000000 1.000000
0.999371 0.018201 0.030444 -0.000000 -0.012108 0.981804 -0.189513 12.174800 -0.033340 0.189025 0.981406 0.000000 0.000000 0.000000 0.000000 1.000000
0.999439 0.015949 0.029454 0.000000 -0.010025 0.981485 -0.191279 12.174800 -0.031960 0.190876 0.981094 0.000000 0.000000 0.000000 0.000000 1.000000
