<?xml version="1.0" encoding="utf-8"?>
<COLLADA xmlns="http://www.collada.org/2005/11/COLLADASchema" version="1.4.1">
  <asset>
    <contributor>
      <author>Mixamo</author>
      <authoring_tool>COLLADA Mixamo exporter</authoring_tool>
      <comments/>
    </contributor>
    <created>2024-10-24T19:02:09Z</created>
    <modified>2024-10-24T19:02:09Z</modified>
    <revision/>
    <title/>
    <unit meter="0.010000"/>
    <up_axis>Y_UP</up_axis>
  </asset>
  <library_animations>
    <animation id="mixamorig_Hips-anim" name="mixamorig_Hips">
      <source id="mixamorig_Hips-Matrix-animation-input">
        <float_array id="mixamorig_Hips-Matrix-animation-input-array" count="30">

0.000000 0.033333 0.066667 0.100000 0.133333 0.166667 0.200000 0.233333 0.266667 0.300000 0.333333 0.366667 0.400000 0.433333 0.466667 0.500000
0.533333 0.566667 0.600000 0.633333 0.666667 0.700000 0.733333 0.766667 0.800000 0.833333 0.866667 0.900000 0.933333 0.966667</float_array>
        <technique_common>
          <accessor source="#mixamorig_Hips-Matrix-animation-input-array" count="30">
            <param name="TIME" type="float"/>
          </accessor>
        </technique_common>
      </source>
      <source id="mixamorig_Hips-Matrix-animation-output-transform">
        <float_array id="mixamorig_Hips-Matrix-animation-output-transform-array" count="480">

0.564879 -0.123506 -0.815879 -0.050151 -0.014180 0.987137 -0.159248 82.409142 0.825052 0.101526 0.555861 -0.040018 0.000000 0.000000 0.000000 1.000000
0.577559 -0.144545 -0.803450 0.930903 0.014551 0.985866 -0.166902 79.619499 0.816219 0.084705 0.571499 -0.008442 0.000000 0.000000 0.000000 1.000000
0.590826 -0.148113 -0.793087 1.606086 0.034585 0.986751 -0.158515 77.812202 0.806057 0.066226 0.588121 0.250059 0.000000 0.000000 0.000000 1.000000
0.606316 -0.095912 -0.789419 1.332756 0.026389 0.994580 -0.100570 78.663849 0.794786 0.040145 0.605560 1.174273 0.000000 0.000000 0.000000 1.000000
0.630366 -0.023423 -0.775945 -0.061570 0.005383 0.999653 -0.025803 82.528564 0.776280 0.012089 0.630273 2.499593 0.000000 0.000000 0.000000 1.000000
0.660571 0.052967 -0.748892 -2.473505 -0.022732 0.998462 0.050567 88.937309 0.750419 -0.016379 0.660759 4.051986 0.000000 0.000000 0.000000 1.000000
0.690889 0.076385 -0.718915 -5.216382 -0.034649 0.996759 0.072608 97.187744 0.722130 -0.025254 0.691296 5.662503 0.000000 0.000000 0.000000 1.000000
0.739861 0.025107 -0.672291 -5.953626 -0.018124 0.999685 0.017388 105.366760 0.672515 -0.000680 0.740083 6.295011 0.000000 0.000000 0.000000 1.000000
0.767093 -0.000921 -0.641535 -4.896852 -0.018818 0.999536 -0.023936 110.494308 0.641260 0.030433 0.766720 5.412664 0.000000 0.000000 0.000000 1.000000
0.730712 -0.024985 -0.682229 -3.638479 -0.007363 0.998984 -0.044472 115.943581 0.682646 0.037519 0.729785 4.475676 0.000000 0.000000 0.000000 1.000000
0.705602 -0.067498 -0.705386 -1.521925 0.006102 0.995995 -0.089202 121.946526 0.708582 0.058637 0.703188 3.142923 0.000000 0.000000 0.000000 1.000000
0.712087 -0.127797 -0.690362 0.943518 0.008004 0.984708 -0.174029 126.165260 0.702046 0.118398 0.702221 2.496431 0.000000 0.000000 0.000000 1.000000
0.711758 -0.117689 -0.692496 1.736152 0.003382 0.986427 -0.164166 127.770401 0.702417 0.114504 0.702495 2.536257 0.000000 0.000000 0.000000 1.000000
0.707563 -0.083292 -0.701724 1.800823 -0.002195 0.992765 -0.120051 128.368515 0.706647 0.086484 0.702261 2.901694 0.000000 0.000000 0.000000 1.000000
0.694075 -0.069184 -0.716570 2.415483 -0.009374 0.994419 -0.105089 129.055634 0.719841 0.079656 0.689553 2.831596 0.000000 0.000000 0.000000 1.000000
0.674693 -0.126237 -0.727224 3.266484 0.001703 0.985530 -0.169495 129.330475 0.738097 0.113118 0.665145 2.350031 0.000000 0.000000 0.000000 1.000000
0.651913 -0.169446 -0.739119 3.657467 0.006331 0.975896 -0.218144 128.447510 0.758267 0.137531 0.637272 2.098005 0.000000 0.000000 0.000000 1.000000
0.633915 -0.166981 -0.755162 3.547599 -0.001989 0.976059 -0.217496 126.129272 0.773401 0.139376 0.618406 2.196046 0.000000 0.000000 0.000000 1.000000
0.613959 -0.155109 -0.773948 3.008685 -0.003126 0.980017 -0.198888 122.542053 0.789332 0.124529 0.601205 1.989866 0.000000 0.000000 0.000000 1.000000
0.601060 -0.128527 -0.788801 2.141868 -0.006855 0.986119 -0.165901 117.522499 0.799174 0.105124 0.591836 1.554661 0.000000 0.000000 0.000000 1.000000
0.588190 -0.095177 -0.803103 1.259457 -0.016946 0.991382 -0.129901 111.441101 0.808545 0.090016 0.581508 1.376707 0.000000 0.000000 0.000000 1.000000
0.581118 -0.067772 -0.810993 0.713787 -0.029629 0.994104 -0.104304 104.156990 0.813280 0.084642 0.575684 1.457366 0.000000 0.000000 0.000000 1.000000
0.575358 -0.045525 -0.816634 0.301653 -0.041006 0.995589 -0.084392 96.965607 0.816873 0.082042 0.570953 1.495982 0.000000 0.000000 0.000000 1.000000
0.577792 -0.038163 -0.815292 0.364539 -0.047490 0.995642 -0.080261 90.020134 0.814801 0.085092 0.573461 1.293982 0.000000 0.000000 0.000000 1.000000
0.576874 -0.046000 -0.815537 0.677317 -0.043888 0.995225 -0.087180 85.247772 0.815654 0.086084 0.572100 1.019624 0.000000 0.000000 0.000000 1.000000
0.574291 -0.062652 -0.816250 1.075778 -0.037629 0.993993 -0.102769 83.080948 0.817786 0.089734 0.568484 0.791975 0.000000 0.000000 0.000000 1.000000
0.571224 -0.083050 -0.816582 1.036639 -0.029679 0.992127 -0.121665 82.323196 0.820257 0.093734 0.564262 0.518545 0.000000 0.000000 0.000000 1.000000
0.568167 -0.102761 -0.816472 0.697744 -0.022094 0.989910 -0.139964 82.157761 0.822617 0.097562 0.560164 0.255729 0.000000 0.000000 0.000000 1.000000
0.565799 -0.117628 -0.816110 0.266732 -0.016414 0.987969 -0.153778 82.285164 0.824380 0.100403 0.557061 0.053092 0.000000 0.000000 0.000000 1.000000
0.564879 -0.123506 -0.815879 -0.048804 -0.014180 0.987137 -0.159248 82.409157 0.825052 0.101525 0.555861 -0.037624 0.000000 0.000000 0.000000 1.000000</float_array>
        <technique_common>
          <accessor source="#mixamorig_Hips-Matrix-animation-output-transform-array" count="30" stride="16">
            <param type="float4x4"/>
          </accessor>
        </technique_common>
      </source>
      <source id="mixamorig_Hips-Interpolations">
        <Name_array id="mixamorig_Hips-Interpolations-array" count="30">
 LINEAR LINEAR LINEAR LINEAR LINEAR LINEAR LINEAR LINEAR LINEAR LINEAR LINEAR
LINEAR LINEAR LINEAR LINEAR LINEAR LINEAR LINEAR LINEAR LINEAR LINEAR LINEAR LINEAR
LINEAR LINEAR LINEAR LINEAR LINEAR LINEAR LINEAR</Name_array>
        <technique_common>
          <accessor source="#mixamorig_Hips-Interpolations-array" count="30">
            <param type="name"/>
          </accessor>
        </technique_common>
      </source>
      <sampler id="mixamorig_Hips-Matrix-animation-transform">
        <input semantic="INPUT" source="#mixamorig_Hips-Matrix-animation-input"/>
        <input semantic="OUTPUT" source="#mixamorig_Hips-Matrix-animation-output-transform"/>
        <input semantic="INTERPOLATION" source="#mixamorig_Hips-Interpolations"/>
      </sampler>
      <channel source="#mixamorig_Hips-Matrix-animation-transform" target="mixamorig_Hips/matrix"/>
    </animation>
    <animation id="mixamorig_Spine-anim" name="mixamorig_Spine">
      <source id="mixamorig_Spine-Matrix-animation-input">
        <float_array id="mixamorig_Spine-Matrix-animation-input-array" count="30">

0.000000 0.033333 0.066667 0.100000 0.133333 0.166667 0.200000 0.233333 0.266667 0.300000 0.333333 0.366667 0.400000 0.433333 0.466667 0.500000
0.533333 0.566667 0.600000 0.633333 0.666667 0.700000 0.733333 0.766667 0.800000 0.833333 0.866667 0.900000 0.933333 0.966667</float_array>
        <technique_common>
          <accessor source="#mixamorig_Spine-Matrix-animation-input-array" count="30">
            <param name="TIME" type="float"/>
          </accessor>
        </technique_common>
      </source>
      <source id="mixamorig_Spine-Matrix-animation-output-transform">
        <float_array id="mixamorig_Spine-Matrix-animation-output-transform-array" count="480">

0.996518 0.048745 0.067640 0.012400 -0.046531 0.998340 -0.033939 10.445200 -0.069182 0.030673 0.997132 -0.996300 0.000000 0.000000 0.000000 1.000000
0.995266 0.068842 0.068596 0.012400 -0.064783 0.996110 -0.059735 10.445200 -0.072442 0.055009 0.995855 -0.996300 0.000000 0.000000 0.000000 1.000000
0.993907 0.092544 0.059873 0.012400 -0.085388 0.989954 -0.112692 10.445200 -0.069700 0.106893 0.991824 -0.996300 0.000000 0.000000 0.000000 1.000000
0.993757 0.091689 0.063559 0.012400 -0.081320 0.985339 -0.149983 10.445200 -0.076379 0.143878 0.986643 -0.996300 0.000000 0.000000 0.000000 1.000000
0.995654 0.080830 0.046248 0.012400 -0.071971 0.983039 -0.168685 10.445200 -0.059099 0.164624 0.984584 -0.996300 0.000000 0.000000 0.000000 1.000000
0.997832 0.063318 0.017949 0.012400 -0.059016 0.981569 -0.181765 10.445200 -0.029127 0.180312 0.983178 -0.996300 0.000000 0.000000 0.000000 1.000000
0.998413 0.056306 0.000724 0.012400 -0.055557 0.987054 -0.150461 10.445200 -0.009186 0.150182 0.988616 -0.996300 0.000000 0.000000 0.000000 1.000000
0.998396 0.054310 -0.016014 0.012400 -0.055785 0.991927 -0.113884 10.445200 0.009700 0.114594 0.993365 -0.996300 0.000000 0.000000 0.000000 1.000000
0.999575 0.028529 -0.005941 0.012400 -0.029106 0.987385 -0.155637 10.445200 0.001426 0.155743 0.987797 -0.996300 0.000000 0.000000 0.000000 1.000000
0.998190 0.054992 0.024358 0.012400 -0.047920 0.971900 -0.230466 10.445200 -0.036348 0.228881 0.972776 -0.996300 0.000000 0.000000 0.000000 1.000000
0.997614 0.066857 0.017225 0.012400 -0.057724 0.944590 -0.323138 10.445200 -0.037875 0.321372 0.946195 -0.996300 0.000000 0.000000 0.000000 1.000000
0.999157 0.041033 0.000929 0.012400 -0.037085 0.912262 -0.407925 10.445200 -0.017586 0.407547 0.913015 -0.996300 0.000000 0.000000 0.000000 1.000000
0.999594 0.024641 -0.014312 0.012400 -0.028494 0.870370 -0.491573 10.445200 0.000344 0.491781 0.870719 -0.996300 0.000000 0.000000 0.000000 1.000000
0.999310 0.034036 -0.014855 0.012400 -0.036538 0.829545 -0.557243 10.445200 -0.006643 0.557401 0.830217 -0.996300 0.000000 0.000000 0.000000 1.000000
0.999653 0.025924 0.004728 0.012400 -0.018962 0.832236 -0.554097 10.445200 -0.018299 0.553815 0.832438 -0.996300 0.000000 0.000000 0.000000 1.000000
0.999115 0.033075 0.026002 0.012400 -0.017625 0.890235 -0.455160 10.445200 -0.038203 0.454298 0.890030 -0.996300 0.000000 0.000000 0.000000 1.000000
0.998265 0.040854 0.042391 0.012400 -0.023319 0.935528 -0.352481 10.445200 -0.054058 0.350882 0.934858 -0.996300 0.000000 0.000000 0.000000 1.000000
0.997932 0.038303 0.051619 0.012400 -0.021913 0.957683 -0.286991 10.445200 -0.060428 0.285267 0.956541 -0.996300 0.000000 0.000000 0.000000 1.000000
0.996933 0.050219 0.060028 0.012400 -0.035107 0.972444 -0.230479 10.445200 -0.069948 0.227665 0.971224 -0.996300 0.000000 0.000000 0.000000 1.000000
0.996507 0.058630 0.059463 0.012400 -0.047276 0.983069 -0.177034 10.445200 -0.068836 0.173604 0.982407 -0.996300 0.000000 0.000000 0.000000 1.000000
0.996526 0.058305 0.059473 0.012400 -0.049795 0.989498 -0.135700 10.445200 -0.066761 0.132267 0.988963 -0.996300 0.000000 0.000000 0.000000 1.000000
0.996254 0.050541 0.070170 0.012400 -0.043700 0.994440 -0.095813 10.445200 -0.074622 0.092387 0.992923 -0.996300 0.000000 0.000000 0.000000 1.000000
0.996058 0.041180 0.078572 0.012400 -0.036497 0.997522 -0.060142 10.445200 -0.080854 0.057037 0.995093 -0.996300 0.000000 0.000000 0.000000 1.000000
0.996905 0.032980 0.071370 0.012400 -0.029893 0.998588 -0.043907 10.445200 -0.072717 0.041638 0.996483 -0.996300 0.000000 0.000000 0.000000 1.000000
0.997452 0.042462 0.057330 0.012400 -0.038262 0.996637 -0.072463 10.445200 -0.060214 0.070085 0.995722 -0.996300 0.000000 0.000000 0.000000 1.000000
0.997476 0.048314 0.052025 0.012400 -0.044255 0.996085 -0.076525 10.445200 -0.055518 0.074029 0.995710 -0.996300 0.000000 0.000000 0.000000 1.000000
0.997249 0.050145 0.054582 0.012400 -0.046461 0.996685 -0.066782 10.445200 -0.057750 0.064063 0.996274 -0.996300 0.000000 0.000000 0.000000 1.000000
0.996943 0.050094 0.059959 0.012400 -0.046967 0.997517 -0.052485 10.445200 -0.062439 0.049509 0.996820 -0.996300 0.000000 0.000000 0.000000 1.000000
0.996650 0.049272 0.065272 0.012400 -0.046755 0.998123 -0.039557 10.445200 -0.067099 0.036372 0.997083 -0.996300 0.000000 0.000000 0.000000 1.000000
0.996518 0.048745 0.067640 0.012400 -0.046531 0.998340 -0.033939 10.445200 -0.069182 0.030673 0.997132 -0.996300 0.000000 0.000000 0.000000 1.000000</float_array>
        <technique_common>
          <accessor source="#mixamorig_Spine-Matrix-animation-output-transform-array" count="30" stride="16">
            <param type="float4x4"/>
          </accessor>
        </technique_common>
      </source>
      <source id="mixamorig_Spine-Interpolations">
        <Name_array id="mixamorig_Spine-Interpolations-array" count="30">
 LINEAR LINEAR LINEAR LINEAR LINEAR LINEAR LINEAR LINEAR LINEAR LINEAR LINEAR
LINEAR LINEAR LINEAR LINEAR LINEAR LINEAR LINEAR LINEAR LINEAR LINEAR LINEAR LINEAR
LINEAR LINEAR LINEAR LINEAR LINEAR LINEAR LINEAR</Name_array>
        <technique_common>
          <accessor source="#mixamorig_Spine-Interpolations-array" count="30">
            <param type="name"/>
          </accessor>
        </technique_common>
      </source>
      <sampler id="mixamorig_Spine-Matrix-animation-transform">
        <input semantic="INPUT" source="#mixamorig_Spine-Matrix-animation-input"/>
        <input semantic="OUTPUT" source="#mixamorig_Spine-Matrix-animation-output-transform"/>
        <input semantic="INTERPOLATION" source="#mixamorig_Spine-Interpolations"/>
      </sampler>
      <channel source="#mixamorig_Spine-Matrix-animation-transform" target="mixamorig_Spine/matrix"/>
    </animation>
    <animation id="mixamorig_Spine1-anim" name="mixamorig_Spine1">
      <source id="mixamorig_Spine1-Matrix-animation-input">
        <float_array id="mixamorig_Spine1-Matrix-animation-input-array" count="30">

0.000000 0.033333 0.066667 0.100000 0.133333 0.166667 0.200000 0.233333 0.266667 0.300000 0.333333 0.366667 0.400000 0.433333 0.466667 0.500000
0.533333 0.566667 0.600000 0.633333 0.666667 0.700000 0.733333 0.766667 0.800000 0.833333 0.866667 0.900000 0.933333 0.966667</float_array>
        <technique_common>
          <accessor source="#mixamorig_Spine1-Matrix-animation-input-array" count="30">
            <param name="TIME" type="float"/>
          </accessor>
        </technique_common>
      </source>
      <source id="mixamorig_Spine1-Matrix-animation-output-transform">
        <float_array id="mixamorig_Spine1-Matrix-animation-output-transform-array" count="480">

0.998874 -0.042641 0.020807 0.000000 0.043080 0.998848 -0.021158 12.174800 -0.019881 0.022031 0.999560 0.000000 0.000000 0.000000 0.000000 1.000000
0.999133 -0.035264 0.022123 0.000000 0.035643 0.999220 -0.016988 12.174800 -0.021506 0.017762 0.999611 0.000000 0.000000 0.000000 0.000000 1.000000
0.999415 -0.026755 0.021294 -0.000000 0.027176 0.999436 -0.019715 12.174800 -0.020755 0.020282 0.999579 -0.000000 0.000000 0.000000 0.000000 1.000000
0.999470 -0.023383 0.022671 0.000000 0.023743 0.999594 -0.015739 12.174800 -0.022293 0.016269 0.999619 0.000000 0.000000 0.000000 0.000000 1.000000
0.999640 -0.020195 0.017638 -0.000000 0.020325 0.999767 -0.007225 12.174800 -0.017488 0.007581 0.999818 -0.000000 0.000000 0.000000 0.000000 1.000000
0.999823 -0.016496 0.009016 0.000000 0.016470 0.999860 0.002968 12.174800 -0.009064 -0.002819 0.999955 0.000000 0.000000 0.000000 0.000000 1.000000
0.999950 -0.009271 0.003796 0.000000 0.009228 0.999895 0.011171 12.174800 -0.003899 -0.011136 0.999930 -0.000000 0.000000 0.000000 0.000000 1.000000
0.999993 -0.003021 -0.002100 -0.000000 0.003032 0.999984 0.004846 12.174800 0.002085 -0.004852 0.999986 0.000000 0.000000 0.000000 0.000000 1.000000
0.999999 -0.000818 -0.001256 0.000000 0.000792 0.999795 -0.020251 12.174800 0.001272 0.020250 0.999794 0.000000 0.000000 0.000000 0.000000 1.000000
0.999971 0.001377 0.007480 0.000000 -0.001048 0.999038 -0.043848 12.174800 -0.007533 0.043839 0.999010 0.000000 0.000000 0.000000 0.000000 1.000000
0.999975 0.002332 0.006661 -0.000000 -0.001989 0.998697 -0.050987 12.174800 -0.006771 0.050973 0.998677 0.000000 0.000000 0.000000 0.000000 1.000000
0.999990 0.003605 0.002650 0.000000 -0.003482 0.998984 -0.044941 12.174800 -0.002809 0.044932 0.998986 0.000000 0.000000 0.000000 0.000000 1.000000
0.999987 0.005169 0.000131 -0.000000 -0.005159 0.999138 -0.041190 12.174800 -0.000344 0.041189 0.999151 0.000000 0.000000 0.000000 0.000000 1.000000
0.999993 0.003494 0.001588 0.000000 -0.003413 0.998840 -0.048022 12.174800 -0.001754 0.048016 0.998845 0.000000 0.000000 0.000000 0.000000 1.000000
0.999989 0.003380 0.003109 0.000000 -0.003198 0.998387 -0.056676 12.174800 -0.003296 0.056666 0.998388 -0.000000 0.000000 0.000000 0.000000 1.000000
0.999962 0.000299 0.008655 0.000000 0.000037 0.999247 -0.038802 12.174800 -0.008661 0.038801 0.999209 0.000000 0.000000 0.000000 0.000000 1.000000
0.999919 0.000634 0.012731 -0.000000 -0.000263 0.999576 -0.029125 12.174800 -0.012744 0.029120 0.999495 0.000000 0.000000 0.000000 0.000000 1.000000
0.999898 0.000257 0.014291 0.000000 0.000148 0.999598 -0.028367 12.174800 -0.014292 0.028366 0.999495 0.000000 0.000000 0.000000 0.000000 1.000000
0.999853 0.000870 0.017152 0.000000 -0.000371 0.999578 -0.029046 12.174800 -0.017170 0.029035 0.999431 -0.000000 0.000000 0.000000 0.000000 1.000000
0.999836 0.002099 0.017969 -0.000000 -0.001580 0.999582 -0.028864 12.174800 -0.018022 0.028831 0.999422 -0.000000 0.000000 0.000000 0.000000 1.000000
0.999825 0.002260 0.018561 0.000000 -0.001731 0.999593 -0.028460 12.174800 -0.018618 0.028422 0.999423 0.000000 0.000000 0.000000 0.000000 1.000000
0.999774 -0.003108 0.021046 0.000000 0.003650 0.999661 -0.025763 12.174800 -0.020959 0.025834 0.999447 0.000000 0.000000 0.000000 0.000000 1.000000
0.999698 -0.009114 0.022801 -0.000000 0.009639 0.999689 -0.023009 12.174800 -0.022584 0.023222 0.999475 -0.000000 0.000000 0.000000 0.000000 1.000000
0.999677 -0.014463 0.020874 -0.000000 0.014851 0.999718 -0.018543 12.174800 -0.020600 0.018847 0.999610 -0.000000 0.000000 0.000000 0.000000 1.000000
0.999595 -0.022126 0.017890 -0.000000 0.022344 0.999677 -0.012114 12.174800 -0.017616 0.012509 0.999767 0.000000 0.000000 0.000000 0.000000 1.000000
0.999503 -0.026675 0.016787 0.000000 0.026866 0.999576 -0.011236 12.174800 -0.016480 0.011681 0.999796 -0.000000 0.000000 0.000000 0.000000 1.000000
0.999337 -0.031926 0.017514 0.000000 0.032165 0.999391 -0.013531 12.174800 -0.017072 0.014085 0.999755 -0.000000 0.000000 0.000000 0.000000 1.000000
0.999133 -0.037106 0.018885 0.000000 0.037426 0.999157 -0.016855 12.174800 -0.018244 0.017547 0.999680 0.000000 0.000000 0.000000 0.000000 1.000000
0.998952 -0.041062 0.020212 -0.000000 0.041463 0.998943 -0.019847 12.174800 -0.019375 0.020664 0.999599 -0.000000 0.000000 0.000000 0.000000 1.000000
0.998874 -0.042641 0.020807 0.000000 0.043080 0.998848 -0.021158 12.174800 -0.019881 0.022031 0.999560 0.000000 0.000000 0.000000 0.000000 1.000000</float_array>
        <technique_common>
          <accessor source="#mixamorig_Spine1-Matrix-animation-output-transform-array" count="30" stride="16">
            <param type="float4x4"/>
          </accessor>
        </technique_common>
      </source>
      <source id="mixamorig_Spine1-Interpolations">
        <Name_array id="mixamorig_Spine1-Interpolations-array" count="30">
 LINEAR LINEAR LINEAR LINEAR LINEAR LINEAR LINEAR LINEAR LINEAR LINEAR LINEAR
LINEAR LINEAR LINEAR LINEAR LINEAR LINEAR LINEAR LINEAR LINEAR LINEAR LINEAR LINEAR
LINEAR LINEAR LINEAR LINEAR LINEAR LINEAR LINEAR</Name_array>
        <technique_common>
          <accessor source="#mixamorig_Spine1-Interpolations-array" count="30">
            <param type="name"/>
          </accessor>
        </technique_common>
      </source>
      <sampler id="mixamorig_Spine1-Matrix-animation-transform">
        <input semantic="INPUT" source="#mixamorig_Spine1-Matrix-animation-input"/>
        <input semantic="OUTPUT" source="#mixamorig_Spine1-Matrix-animation-output-transform"/>
        <input semantic="INTERPOLATION" source="#mixamorig_Spine1-Interpolations"/>
      </sampler>
      <channel source="#mixamorig_Spine1-Matrix-animation-transform" target="mixamorig_Spine1/matrix"/>
    </animation>
    <animation id="mixamorig_Spine2-anim" name="mixamorig_Spine2">
      <source id="mixamorig_Spine2-Matrix-animation-input">
        <float_array id="mixamorig_Spine2-Matrix-animation-input-array" count="30">

0.000000 0.033333 0.066667 0.100000 0.133333 0.166667 0.200000 0.233333 0.266667 0.300000 0.333333 0.366667 0.400000 0.433333 0.466667 0.500000
0.533333 0.566667 0.600000 0.633333 0.666667 0.700000 0.733333 0.766667 0.800000 0.833333 0.866667 0.900000 0.933333 0.966667</float_array>
        <technique_common>
          <accessor source="#mixamorig_Spine2-Matrix-animation-input-array" count="30">
            <param name="TIME" type="float"/>
          </accessor>
        </technique_common>
      </source>
      <source id="mixamorig_Spine2-Matrix-animation-output-transform">
        <float_array id="mixamorig_Spine2-Matrix-animation-output-transform-array" count="480">

0.999578 -0.018211 0.022651 0.000000 0.020363 0.994905 -0.098735 14.038200 -0.020737 0.099155 0.994856 0.000000 0.000000 0.000000 0.000000 1.000000
0.999633 -0.013147 0.023683 -0.000000 0.015373 0.995224 -0.096404 14.038200 -0.022303 0.096733 0.995060 0.000000 0.000000 0.000000 0.000000 1.000000
0.999720 -0.007365 0.022486 0.000000 0.009606 0.994820 -0.101200 14.038200 -0.021624 0.101387 0.994612 0.000000 0.000000 0.000000 0.000000 1.000000
0.999695 -0.006769 0.023759 -0.000000 0.009102 0.994996 -0.099497 14.038200 -0.022967 0.099683 0.994754 -0.000000 0.000000 0.000000 0.000000 1.000000
0.999801 -0.007079 0.018644 0.000000 0.008791 0.995590 -0.093403 14.038200 -0.017900 0.093549 0.995454 -0.000000 0.000000 0.000000 0.000000 1.000000
0.999926 -0.007144 0.009879 0.000000 0.007963 0.996299 -0.085584 14.038200 -0.009231 0.085656 0.996282 0.000000 0.000000 0.000000 0.000000 1.000000
0.999986 -0.003104 0.004331 -0.000000 0.003439 0.996828 -0.079507 14.038200 -0.004070 0.079521 0.996825 0.000000 0.000000 0.000000 0.000000 1.000000
0.999998 0.000233 -0.001981 0.000000 -0.000406 0.996152 -0.087638 14.038200 0.001953 0.087639 0.996150 -0.000000 0.000000 0.000000 0.000000 1.000000
0.999999 0.000636 -0.001345 -0.000000 -0.000785 0.993479 -0.114010 14.038200 0.001264 0.114011 0.993479 0.000000 0.000000 0.000000 0.000000 1.000000
0.999972 0.002770 0.007022 -0.000000 -0.001772 0.990386 -0.138320 14.038200 -0.007338 0.138303 0.990363 -0.000000 0.000000 0.000000 0.000000 1.000000
0.999976 0.003234 0.006065 0.000000 -0.002316 0.989322 -0.145728 14.038200 -0.006472 0.145711 0.989306 0.000000 0.000000 0.000000 0.000000 1.000000
0.999990 0.003966 0.002282 0.000000 -0.003608 0.990177 -0.139776 14.038200 -0.002814 0.139766 0.990181 0.000000 0.000000 0.000000 0.000000 1.000000
0.999986 0.005242 -0.000093 -0.000000 -0.005206 0.990689 -0.136044 14.038200 -0.000621 0.136042 0.990703 0.000000 0.000000 0.000000 0.000000 1.000000
0.999992 0.003765 0.001311 0.000000 -0.003539 0.989744 -0.142812 14.038200 -0.001835 0.142806 0.989749 0.000000 0.000000 0.000000 0.000000 1.000000
0.999990 0.003803 0.002539 0.000000 -0.003375 0.988468 -0.151395 14.038200 -0.003085 0.151385 0.988470 0.000000 0.000000 0.000000 0.000000 1.000000
0.999962 0.001552 0.008532 -0.000000 -0.000398 0.991026 -0.133667 14.038200 -0.008663 0.133659 0.990990 0.000000 0.000000 0.000000 0.000000 1.000000
0.999918 0.002346 0.012584 0.000000 -0.000767 0.992276 -0.124050 14.038200 -0.012778 0.124030 0.992196 -0.000000 0.000000 0.000000 0.000000 1.000000
0.999898 0.002118 0.014121 0.000000 -0.000361 0.992370 -0.123297 14.038200 -0.014274 0.123279 0.992269 0.000000 0.000000 0.000000 0.000000 1.000000
0.999853 0.003131 0.016850 -0.000000 -0.001020 0.992296 -0.123885 14.038200 -0.017108 0.123850 0.992154 0.000000 0.000000 0.000000 0.000000 1.000000
0.999834 0.005022 0.017507 0.000000 -0.002827 0.992381 -0.123176 14.038200 -0.017992 0.123106 0.992230 -0.000000 0.000000 0.000000 0.000000 1.000000
0.999817 0.006427 0.018006 0.000000 -0.004188 0.992551 -0.121761 14.038200 -0.018655 0.121664 0.992396 0.000000 0.000000 0.000000 0.000000 1.000000
0.999780 0.002902 0.020751 0.000000 -0.000437 0.993038 -0.117792 14.038200 -0.020948 0.117757 0.992822 0.000000 0.000000 0.000000 0.000000 1.000000
0.999739 -0.001128 0.022814 0.000000 0.003713 0.993520 -0.113601 14.038200 -0.022538 0.113656 0.993265 0.000000 0.000000 0.000000 0.000000 1.000000
0.999765 -0.004501 0.021223 0.000000 0.006755 0.994196 -0.107373 14.038200 -0.020616 0.107491 0.993992 0.000000 0.000000 0.000000 0.000000 1.000000
0.999773 -0.010061 0.018757 0.000000 0.011872 0.995008 -0.099082 14.038200 -0.017667 0.099282 0.994903 0.000000 0.000000 0.000000 0.000000 1.000000
0.999765 -0.012183 0.017914 -0.000000 0.013852 0.995264 -0.096217 14.038200 -0.016657 0.096443 0.995199 0.000000 0.000000 0.000000 0.000000 1.000000
0.999720 -0.014259 0.018891 -0.000000 0.016011 0.995244 -0.096093 14.038200 -0.017431 0.096369 0.995193 0.000000 0.000000 0.000000 0.000000 1.000000
0.999659 -0.016204 0.020493 0.000000 0.018119 0.995118 -0.097010 14.038200 -0.018821 0.097348 0.995072 0.000000 0.000000 0.000000 0.000000 1.000000
0.999602 -0.017644 0.021990 0.000000 0.019722 0.994975 -0.098159 14.038200 -0.020147 0.098553 0.994928 0.000000 0.000000 0.000000 0.000000 1.000000
0.999578 -0.018211 0.022651 -0.000000 0.020363 0.994905 -0.098735 14.038200 -0.020738 0.099155 0.994856 0.000000 0.000000 0.000000 0.000000 1.000000</float_array>
        <technique_common>
          <accessor source="#mixamorig_Spine2-Matrix-animation-output-transform-array" count="30" stride="16">
            <param type="float4x4"/>
          </accessor>
        </technique_common>
      </source>
      <source id="mixamorig_Spine2-Interpolations">
        <Name_array id="mixamorig_Spine2-Interpolations-array" count="30">
 LINEAR LINEAR LINEAR LINEAR LINEAR LINEAR LINEAR LINEAR LINEAR LINEAR LINEAR
LINEAR LINEAR LINEAR LINEAR LINEAR LINEAR LINEAR LINEAR LINEAR LINEAR LINEAR LINEAR
LINEAR LINEAR LINEAR LINEAR LINEAR LINEAR LINEAR</Name_array>
        <technique_common>
          <accessor source="#mixamorig_Spine2-Interpolations-array" count="30">
            <param type="name"/>
          </accessor>
        </technique_common>
      </source>
      <sampler id="mixamorig_Spine2-Matrix-animation-transform">
        <input semantic="INPUT" source="#mixamorig_Spine2-Matrix-animation-input"/>
        <input semantic="OUTPUT" source="#mixamorig_Spine2-Matrix-animation-output-transform"/>
        <input semantic="INTERPOLATION" source="#mixamorig_Spine2-Interpolations"/>
      </sampler>
      <channel source="#mixamorig_Spine2-Matrix-animation-transform" target="mixamorig_Spine2/matrix"/>
    </animation>
    <animation id="mixamorig_Neck-anim" name="mixamorig_Neck">
      <source id="mixamorig_Neck-Matrix-animation-input">
        <float_array id="mixamorig_Neck-Matrix-animation-input-array" count="30">

0.000000 0.033333 0.066667 0.100000 0.133333 0.166667 0.200000 0.233333 0.266667 0.300000 0.333333 0.366667 0.400000 0.433333 0.466667 0.500000
0.533333 0.566667 0.600000 0.633333 0.666667 0.700000 0.733333 0.766667 0.800000 0.833333 0.866667 0.900000 0.933333 0.966667</float_array>
        <technique_common>
          <accessor source="#mixamorig_Neck-Matrix-animation-input-array" count="30">
            <param name="TIME" type="float"/>
          </accessor>
        </technique_common>
      </source>
      <source id="mixamorig_Neck-Matrix-animation-output-transform">
        <float_array id="mixamorig_Neck-Matrix-animation-output-transform-array" count="480">

0.985070 0.027001 0.170026 0.049900 -0.032879 0.998952 0.031849 15.686700 -0.168988 -0.036964 0.984925 -1.491600 0.000000 0.000000 0.000000 1.000000
0.987329 0.016712 0.157806 0.049900 -0.029558 0.996404 0.079408 15.686700 -0.155912 -0.083066 0.984272 -1.491600 0.000000 0.000000 0.000000 1.000000
0.988944 0.007844 0.148081 0.049900 -0.025567 0.992665 0.118162 15.686700 -0.146068 -0.120642 0.981891 -1.491600 0.000000 0.000000 0.000000 1.000000
0.989793 0.004575 0.142442 0.049900 -0.020452 0.993698 0.110204 15.686700 -0.141041 -0.111993 0.983649 -1.491600 0.000000 0.000000 0.000000 1.000000
0.990147 0.011532 0.139556 0.049900 -0.019145 0.998393 0.053330 15.686700 -0.138717 -0.055477 0.988777 -1.491600 0.000000 0.000000 0.000000 1.000000
0.989738 0.046146 0.135238 0.049900 -0.041826 0.998525 -0.034619 15.686700 -0.136636 0.028607 0.990208 -1.491600 0.000000 0.000000 0.000000 1.000000
0.988636 0.080133 0.127188 0.049900 -0.067745 0.992788 -0.098907 15.686700 -0.134196 0.089167 0.986935 -1.491600 0.000000 0.000000 0.000000 1.000000
0.989600 0.088986 0.113016 0.049900 -0.080962 0.993987 -0.073718 15.686700 -0.118897 0.063801 0.990855 -1.491600 0.000000 0.000000 0.000000 1.000000
0.990883 0.087307 0.102610 0.049900 -0.086262 0.996166 -0.014584 15.686700 -0.103490 0.005599 0.994615 -1.491600 0.000000 0.000000 0.000000 1.000000
0.991473 0.079547 0.103218 0.049900 -0.084635 0.995355 0.045887 15.686700 -0.099089 -0.054231 0.993600 -1.491600 0.000000 0.000000 0.000000 1.000000
0.991703 0.067502 0.109400 0.049900 -0.079891 0.990363 0.113133 15.686700 -0.100709 -0.120935 0.987539 -1.491600 0.000000 0.000000 0.000000 1.000000
0.991518 0.057924 0.116347 0.049900 -0.078522 0.980322 0.181114 15.686700 -0.103567 -0.188713 0.976556 -1.491600 0.000000 0.000000 0.000000 1.000000
0.991917 0.042548 0.119543 0.049900 -0.067940 0.973772 0.217145 15.686700 -0.107169 -0.223512 0.968792 -1.491600 0.000000 0.000000 0.000000 1.000000
0.990950 0.047164 0.125672 0.049900 -0.073876 0.973319 0.217241 15.686700 -0.112073 -0.224559 0.967994 -1.491600 0.000000 0.000000 0.000000 1.000000
0.990822 0.049063 0.125954 0.049900 -0.074547 0.975627 0.206387 15.686700 -0.112758 -0.213882 0.970330 -1.491600 0.000000 0.000000 0.000000 1.000000
0.990739 0.048804 0.126707 0.049900 -0.070939 0.981733 0.176545 15.686700 -0.115776 -0.183898 0.976103 -1.491600 0.000000 0.000000 0.000000 1.000000
0.989929 0.056224 0.129925 0.049900 -0.075235 0.986361 0.146396 15.686700 -0.119922 -0.154697 0.980657 -1.491600 0.000000 0.000000 0.000000 1.000000
0.988511 0.069646 0.134144 0.049900 -0.086989 0.987940 0.128094 15.686700 -0.123605 -0.138291 0.982648 -1.491600 0.000000 0.000000 0.000000 1.000000
0.986947 0.081519 0.138886 0.049900 -0.095479 0.990694 0.097003 15.686700 -0.129686 -0.108998 0.985546 -1.491600 0.000000 0.000000 0.000000 1.000000
0.986722 0.078102 0.142405 0.049900 -0.086234 0.994925 0.051844 15.686700 -0.137634 -0.063435 0.988450 -1.491600 0.000000 0.000000 0.000000 1.000000
0.986888 0.066734 0.146967 0.049900 -0.070225 0.997356 0.018684 15.686700 -0.145331 -0.028760 0.988965 -1.491600 0.000000 0.000000 0.000000 1.000000
0.986939 0.060192 0.149427 0.049900 -0.062861 0.997935 0.013194 15.686700 -0.148324 -0.022415 0.988685 -1.491600 0.000000 0.000000 0.000000 1.000000
0.987117 0.052991 0.150969 0.049900 -0.056342 0.998249 0.018002 15.686700 -0.149751 -0.026276 0.988375 -1.491600 0.000000 0.000000 0.000000 1.000000
0.987296 0.045812 0.152145 0.049900 -0.050641 0.998324 0.028016 15.686700 -0.150606 -0.035365 0.987961 -1.491600 0.000000 0.000000 0.000000 1.000000
0.987364 0.039341 0.153508 0.049900 -0.045706 0.998226 0.038157 15.686700 -0.151734 -0.044691 0.987410 -1.491600 0.000000 0.000000 0.000000 1.000000
0.987224 0.034259 0.155613 0.049900 -0.041475 0.998198 0.043359 15.686700 -0.153847 -0.049259 0.986866 -1.491600 0.000000 0.000000 0.000000 1.000000
0.986838 0.031127 0.158688 0.049900 -0.038354 0.998352 0.042686 15.686700 -0.157098 -0.048211 0.986406 -1.491600 0.000000 0.000000 0.000000 1.000000
0.986293 0.029458 0.162352 0.049900 -0.036336 0.998556 0.039558 15.686700 -0.160952 -0.044915 0.985940 -1.491600 0.000000 0.000000 0.000000 1.000000
0.985675 0.028376 0.166249 0.049900 -0.034732 0.998768 0.035450 15.686700 -0.165038 -0.040716 0.985446 -1.491600 0.000000 0.000000 0.000000 1.000000
0.985070 0.027001 0.170026 0.049900 -0.032879 0.998952 0.031849 15.686700 -0.168988 -0.036964 0.984925 -1.491600 0.000000 0.000000 0.000000 1.000000</float_array>
        <technique_common>
          <accessor source="#mixamorig_Neck-Matrix-animation-output-transform-array" count="30" stride="16">
            <param type="float4x4"/>
          </accessor>
        </technique_common>
      </source>
      <source id="mixamorig_Neck-Interpolations">
        <Name_array id="mixamorig_Neck-Interpolations-array" count="30">
 LINEAR LINEAR LINEAR LINEAR LINEAR LINEAR LINEAR LINEAR LINEAR LINEAR LINEAR
LINEAR LINEAR LINEAR LINEAR LINEAR LINEAR LINEAR LINEAR LINEAR LINEAR LINEAR LINEAR
LINEAR LINEAR LINEAR LINEAR LINEAR LINEAR LINEAR</Name_array>
        <technique_common>
          <accessor source="#mixamorig_Neck-Interpolations-array" count="30">
            <param type="name"/>
          </accessor>
        </technique_common>
      </source>
      <sampler id="mixamorig_Neck-Matrix-animation-transform">
        <input semantic="INPUT" source="#mixamorig_Neck-Matrix-animation-input"/>
        <input semantic="OUTPUT" source="#mixamorig_Neck-Matrix-animation-output-transform"/>
        <input semantic="INTERPOLATION" source="#mixamorig_Neck-Interpolations"/>
      </sampler>
      <channel source="#mixamorig_Neck-Matrix-animation-transform" target="mixamorig_Neck/matrix"/>
    </animation>
    <animation id="mixamorig_Head-anim" name="mixamorig_Head">
      <source id="mixamorig_Head-Matrix-animation-input">
        <float_array id="mixamorig_Head-Matrix-animation-input-array" count="30">

0.000000 0.033333 0.066667 0.100000 0.133333 0.166667 0.200000 0.233333 0.266667 0.300000 0.333333 0.366667 0.400000 0.433333 0.466667 0.500000
0.533333 0.566667 0.600000 0.633333 0.666667 0.700000 0.733333 0.766667 0.800000 0.833333 0.866667 0.900000 0.933333 0.966667</float_array>
        <technique_common>
          <accessor source="#mixamorig_Head-Matrix-animation-input-array" count="30">
            <param name="TIME" type="float"/>
          </accessor>
        </technique_common>
      </source>
      <source id="mixamorig_Head-Matrix-animation-output-transform">
        <float_array id="mixamorig_Head-Matrix-animation-output-transform-array" count="480">

0.912383 0.079625 0.401518 -0.000000 -0.112643 0.991866 0.059267 7.013200 -0.393533 -0.099302 0.913932 0.918400 0.000000 0.000000 0.000000 1.000000
0.922836 0.072354 0.378337 0.000000 -0.137284 0.979482 0.147544 7.013200 -0.359899 -0.188098 0.913834 0.918400 0.000000 0.000000 0.000000 1.000000
0.931760 0.063857 0.357414 0.000000 -0.152085 0.962532 0.224507 7.013200 -0.329686 -0.263544 0.906560 0.918400 0.000000 0.000000 0.000000 1.000000
0.938465 0.046297 0.342258 0.000000 -0.132821 0.963144 0.233907 7.013200 -0.318814 -0.264972 0.910026 0.918400 0.000000 0.000000 0.000000 1.000000
0.943928 0.020686 0.329503 0.000000 -0.082610 0.981085 0.175064 7.013200 -0.319649 -0.192468 0.927783 0.918400 0.000000 0.000000 0.000000 1.000000
0.953435 -0.006346 0.301533 -0.000000 -0.023523 0.995169 0.095321 7.013200 -0.300681 -0.097975 0.948679 0.918400 0.000000 0.000000 0.000000 1.000000
0.962380 -0.021409 0.270861 -0.000000 0.012779 0.999354 0.033586 7.013200 -0.271405 -0.028861 0.962032 0.918400 0.000000 0.000000 0.000000 1.000000
0.969558 -0.003876 0.244829 -0.000000 -0.010379 0.998325 0.056909 7.013200 -0.244640 -0.057717 0.967895 0.918400 0.000000 0.000000 0.000000 1.000000
0.971803 0.030046 0.233871 0.000000 -0.055727 0.993017 0.103984 7.013200 -0.229114 -0.114085 0.966691 0.918400 0.000000 0.000000 0.000000 1.000000
0.965105 0.072179 0.251720 -0.000000 -0.106341 0.986460 0.124853 7.013200 -0.239300 -0.147264 0.959713 0.918400 0.000000 0.000000 0.000000 1.000000
0.951769 0.118054 0.283196 -0.000000 -0.162164 0.977111 0.137681 7.013200 -0.260460 -0.176964 0.949128 0.918400 0.000000 0.000000 0.000000 1.000000
0.938885 0.149992 0.309835 0.000000 -0.205548 0.966280 0.155091 7.013200 -0.276125 -0.209299 0.938056 0.918400 0.000000 0.000000 0.000000 1.000000
0.927183 0.164512 0.336552 -0.000000 -0.240030 0.950655 0.196573 7.013200 -0.287607 -0.263041 0.920919 0.918400 0.000000 0.000000 0.000000 1.000000
0.917732 0.175603 0.356274 0.000000 -0.267578 0.936219 0.227808 7.013200 -0.293546 -0.304398 0.906186 0.918400 0.000000 0.000000 0.000000 1.000000
0.912123 0.197275 0.359326 0.000000 -0.282105 0.938072 0.201089 7.013200 -0.297404 -0.284786 0.911289 0.918400 0.000000 0.000000 0.000000 1.000000
0.910739 0.194470 0.364329 -0.000000 -0.268981 0.948736 0.165979 7.013200 -0.313374 -0.249161 0.916360 0.918400 0.000000 0.000000 0.000000 1.000000
0.912094 0.181439 0.367648 0.000000 -0.246285 0.959390 0.137534 7.013200 -0.327763 -0.215990 0.919739 0.918400 0.000000 0.000000 0.000000 1.000000
0.915120 0.168783 0.366153 0.000000 -0.224531 0.967644 0.115116 7.013200 -0.334876 -0.187557 0.923407 0.918400 0.000000 0.000000 0.000000 1.000000
0.917266 0.146966 0.370167 0.000000 -0.197751 0.974827 0.102990 7.013200 -0.345713 -0.167670 0.923238 0.918400 0.000000 0.000000 0.000000 1.000000
0.914314 0.131582 0.383036 0.000000 -0.175548 0.981048 0.082024 7.013200 -0.364984 -0.142237 0.920085 0.918400 0.000000 0.000000 0.000000 1.000000
0.910054 0.117384 0.397521 -0.000000 -0.155132 0.985816 0.064044 7.013200 -0.384364 -0.119952 0.915355 0.918400 0.000000 0.000000 0.000000 1.000000
0.910625 0.109355 0.398501 0.000000 -0.150340 0.985936 0.072989 7.013200 -0.384915 -0.126376 0.914259 0.918400 0.000000 0.000000 0.000000 1.000000
0.911418 0.106155 0.397552 -0.000000 -0.156077 0.983137 0.095300 7.013200 -0.380731 -0.148907 0.912617 0.918400 0.000000 0.000000 0.000000 1.000000
0.912284 0.105484 0.395741 -0.000000 -0.165972 0.978583 0.121768 7.013200 -0.374421 -0.176769 0.910253 0.918400 0.000000 0.000000 0.000000 1.000000
0.913035 0.105035 0.394125 0.000000 -0.173906 0.974292 0.143222 7.013200 -0.368950 -0.199307 0.907829 0.918400 0.000000 0.000000 0.000000 1.000000
0.913483 0.102501 0.393755 -0.000000 -0.174084 0.973157 0.150531 7.013200 -0.367756 -0.206054 0.906806 0.918400 0.000000 0.000000 0.000000 1.000000
0.913509 0.097556 0.394948 0.000000 -0.164378 0.976557 0.138984 7.013200 -0.372130 -0.191884 0.908130 0.918400 0.000000 0.000000 0.000000 1.000000
0.913229 0.091753 0.396982 -0.000000 -0.148638 0.982191 0.114921 7.013200 -0.379368 -0.163955 0.910603 0.918400 0.000000 0.000000 0.000000 1.000000
0.912797 0.085605 0.399342 -0.000000 -0.130188 0.987767 0.085835 7.013200 -0.387109 -0.130340 0.912775 0.918400 0.000000 0.000000 0.000000 1.000000
0.912383 0.079625 0.401518 0.000000 -0.112643 0.991866 0.059267 7.013200 -0.393533 -0.099303 0.913932 0.918400 0.000000 0.000000 0.000000 1.000000</float_array>
        <technique_common>
          <accessor source="#mixamorig_Head-Matrix-animation-output-transform-array" count="30" stride="16">
            <param type="float4x4"/>
          </accessor>
        </technique_common>
      </source>
      <source id="mixamorig_Head-Interpolations">
        <Name_array id="mixamorig_Head-Interpolations-array" count="30">
 LINEAR LINEAR LINEAR LINEAR LINEAR LINEAR LINEAR LINEAR LINEAR LINEAR LINEAR
LINEAR LINEAR LINEAR LINEAR LINEAR LINEAR LINEAR LINEAR LINEAR LINEAR LINEAR LINEAR
LINEAR LINEAR LINEAR LINEAR LINEAR LINEAR LINEAR</Name_array>
        <technique_common>
          <accessor source="#mixamorig_Head-Interpolations-array" count="30">
            <param type="name"/>
          </accessor>
        </technique_common>
      </source>
      <sampler id="mixamorig_Head-Matrix-animation-transform">
        <input semantic="INPUT" source="#mixamorig_Head-Matrix-animation-input"/>
        <input semantic="OUTPUT" source="#mixamorig_Head-Matrix-animation-output-transform"/>
