<?xml version="1.0" encoding="utf-8"?>
<COLLADA xmlns="http://www.collada.org/2005/11/COLLADASchema" version="1.4.1">
  <asset>
    <contributor>
      <author>Mixamo</author>
      <authoring_tool>COLLADA Mixamo exporter</authoring_tool>
      <comments/>
    </contributor>
    <created>2024-10-24T19:05:00Z</created>
    <modified>2024-10-24T19:05:00Z</modified>
    <revision/>
    <title/>
    <unit meter="0.010000"/>
    <up_axis>Y_UP</up_axis>
  </asset>
  <library_animations>
    <animation id="mixamorig_Hips-anim" name="mixamorig_Hips">
      <source id="mixamorig_Hips-Matrix-animation-input">
        <float_array id="mixamorig_Hips-Matrix-animation-input-array" count="51">

0.000000 0.033333 0.066667 0.100000 0.133333 0.166667 0.200000 0.233333 0.266667 0.300000 0.333333 0.366667 0.400000 0.433333 0.466667 0.500000
0.533333 0.566667 0.600000 0.633333 0.666667 0.700000 0.733333 0.766667 0.800000 0.833333 0.866667 0.900000 0.933333 0.966667 1.000000 1.033333
1.066667 1.100000 1.133333 1.166667 1.200000 1.233333 1.266667 1.300000 1.333333 1.366667 1.400000 1.433333 1.466667 1.500000 1.533333 1.566667
1.600000 1.633333 1.666667</float_array>
        <technique_common>
          <accessor source="#mixamorig_Hips-Matrix-animation-input-array" count="51">
            <param name="TIME" type="float"/>
          </accessor>
        </technique_common>
      </source>
      <source id="mixamorig_Hips-Matrix-animation-output-transform">
        <float_array id="mixamorig_Hips-Matrix-animation-output-transform-array" count="816">

0.814910 -0.033779 -0.578602 -0.486186 -0.049779 0.990532 -0.127937 87.114792 0.577445 0.133060 0.805513 0.723323 0.000000 0.000000 0.000000 1.000000
0.806052 -0.038228 -0.590609 -0.288420 -0.047498 0.990515 -0.128936 87.423286 0.589936 0.131982 0.796590 0.267842 0.000000 0.000000 0.000000 1.000000
0.796902 -0.048255 -0.602178 0.056960 -0.040158 0.990368 -0.132506 87.792168 0.602772 0.129776 0.787289 -0.203878 0.000000 0.000000 0.000000 1.000000
0.791660 -0.068272 -0.607136 0.620919 -0.025398 0.989201 -0.144351 88.235519 0.610434 0.129696 0.781376 -0.786260 0.000000 0.000000 0.000000 1.000000
0.793366 -0.098993 -0.600642 1.401116 -0.004089 0.985800 -0.167873 88.686653 0.608731 0.135641 0.781696 -1.532300 0.000000 0.000000 0.000000 1.000000
0.800574 -0.133153 -0.584253 2.241377 0.018485 0.980024 -0.198021 89.065514 0.598949 0.147730 0.787043 -2.395006 0.000000 0.000000 0.000000 1.000000
0.808806 -0.154892 -0.567311 2.895755 0.030810 0.974526 -0.222148 89.245537 0.587268 0.162196 0.792975 -3.141469 0.000000 0.000000 0.000000 1.000000
0.814986 -0.149698 -0.559810 3.137855 0.021931 0.973332 -0.228349 89.202400 0.579065 0.173824 0.796536 -3.514076 0.000000 0.000000 0.000000 1.000000
0.818509 -0.114379 -0.562993 2.937334 -0.009243 0.977231 -0.211975 88.961639 0.574420 0.178707 0.798815 -3.331784 0.000000 0.000000 0.000000 1.000000
0.822282 -0.054870 -0.566429 2.486442 -0.054808 0.983078 -0.174795 88.355690 0.566435 0.174776 0.805360 -2.202053 0.000000 0.000000 0.000000 1.000000
0.835033 0.020527 -0.549816 1.933498 -0.103161 0.987422 -0.119812 87.377167 0.540442 0.156766 0.826648 0.355374 0.000000 0.000000 0.000000 1.000000
0.865531 0.109010 -0.488848 1.278177 -0.151031 0.987400 -0.047225 86.534134 0.477541 0.114706 0.871090 4.509630 0.000000 0.000000 0.000000 1.000000
0.908490 0.206037 -0.363586 0.548475 -0.204373 0.977926 0.043504 86.507637 0.364523 0.034784 0.930544 9.783809 0.000000 0.000000 0.000000 1.000000
0.938031 0.299930 -0.173607 0.036448 -0.276963 0.949930 0.144656 87.957855 0.208301 -0.087609 0.974133 15.485162 0.000000 0.000000 0.000000 1.000000
0.928163 0.367813 0.056812 0.056500 -0.370512 0.898773 0.234366 90.429947 0.035142 -0.238579 0.970487 20.662750 0.000000 0.000000 0.000000 1.000000
0.867329 0.398211 0.298612 0.654822 -0.479242 0.830138 0.284952 93.233253 -0.134418 -0.390255 0.910842 24.725567 0.000000 0.000000 0.000000 1.000000
0.747522 0.395624 0.533566 1.497611 -0.595293 0.755381 0.273907 96.080101 -0.294681 -0.522380 0.800176 27.784397 0.000000 0.000000 0.000000 1.000000
0.560245 0.373995 0.739090 2.213355 -0.706621 0.681370 0.190846 98.710709 -0.432218 -0.629177 0.646006 30.271202 0.000000 0.000000 0.000000 1.000000
0.311686 0.345839 0.885013 3.274934 -0.793338 0.607325 0.042074 100.553894 -0.522940 -0.715228 0.463662 32.465466 0.000000 0.000000 0.000000 1.000000
0.045327 0.315725 0.947768 5.292334 -0.834891 0.532936 -0.137605 100.496216 -0.548545 -0.785046 0.287752 33.604431 0.000000 0.000000 0.000000 1.000000
-0.165572 0.294083 0.941330 6.935536 -0.840060 0.457951 -0.290828 98.473618 -0.516610 -0.838926 0.171223 33.336880 0.000000 0.000000 0.000000 1.000000
-0.262059 0.300700 0.917008 6.560404 -0.847226 0.383306 -0.367809 96.251404 -0.462096 -0.873301 0.154312 32.842865 0.000000 0.000000 0.000000 1.000000
-0.238992 0.341620 0.908944 4.451868 -0.883434 0.312018 -0.349554 94.998550 -0.403022 -0.886533 0.227229 33.336132 0.000000 0.000000 0.000000 1.000000
-0.154455 0.390325 0.907629 1.689992 -0.930207 0.252133 -0.266727 94.182396 -0.332954 -0.885480 0.324139 33.759171 0.000000 0.000000 0.000000 1.000000
-0.096475 0.403316 0.909961 0.029017 -0.955428 0.218754 -0.198252 94.111290 -0.279015 -0.888528 0.364236 35.675980 0.000000 0.000000 0.000000 1.000000
-0.117217 0.347482 0.930331 -0.246396 -0.958895 0.204163 -0.197071 93.851059 -0.258418 -0.915191 0.309267 37.409618 0.000000 0.000000 0.000000 1.000000
-0.226083 0.224452 0.947897 1.753337 -0.938705 0.209757 -0.273559 93.602592 -0.260229 -0.951642 0.163272 39.515152 0.000000 0.000000 0.000000 1.000000
-0.395613 0.064711 0.916135 4.965507 -0.885643 0.237223 -0.399202 93.091827 -0.243161 -0.969298 -0.036538 41.151955 0.000000 0.000000 0.000000 1.000000
-0.595379 -0.098486 0.797386 8.527321 -0.783534 0.290751 -0.549125 92.141838 -0.177760 -0.951716 -0.250275 41.960457 0.000000 0.000000 0.000000 1.000000
-0.790187 -0.243866 0.562257 12.157203 -0.611434 0.376350 -0.696067 90.768456 -0.041858 -0.893806 -0.446495 41.895489 0.000000 0.000000 0.000000 1.000000
-0.910185 -0.354201 0.214719 15.659969 -0.375940 0.488834 -0.787217 88.874664 0.173871 -0.797235 -0.578088 40.901718 0.000000 0.000000 0.000000 1.000000
-0.893969 -0.420041 -0.156159 18.576990 -0.148187 0.605952 -0.781577 86.830772 0.422919 -0.675565 -0.603947 39.167282 0.000000 0.000000 0.000000 1.000000
-0.778618 -0.444654 -0.442761 20.818666 0.001065 0.704659 -0.709545 84.907455 0.627498 -0.552936 -0.548186 37.008793 0.000000 0.000000 0.000000 1.000000
-0.647336 -0.447217 -0.617214 22.415936 0.070357 0.771257 -0.632623 83.523987 0.758950 -0.452945 -0.467798 34.637218 0.000000 0.000000 0.000000 1.000000
-0.530789 -0.450238 -0.718017 23.420792 0.104425 0.806014 -0.582613 82.990921 0.841046 -0.384223 -0.380807 32.108562 0.000000 0.000000 0.000000 1.000000
-0.411423 -0.461773 -0.785810 23.830549 0.134354 0.822014 -0.553391 84.000763 0.901488 -0.333254 -0.276154 29.421957 0.000000 0.000000 0.000000 1.000000
-0.279314 -0.470805 -0.836855 23.525646 0.156967 0.837431 -0.523518 86.164528 0.947283 -0.277584 -0.160005 26.649445 0.000000 0.000000 0.000000 1.000000
-0.148240 -0.462235 -0.874279 22.470024 0.159005 0.861405 -0.482389 88.654274 0.976085 -0.210524 -0.054197 23.946733 0.000000 0.000000 0.000000 1.000000
-0.031467 -0.436683 -0.899065 20.875164 0.141433 0.888514 -0.436509 90.619781 0.989448 -0.140893 0.033802 21.534678 0.000000 0.000000 0.000000 1.000000
0.073286 -0.407450 -0.910282 19.061474 0.121648 0.909574 -0.397338 91.380638 0.989864 -0.081614 0.116224 19.467417 0.000000 0.000000 0.000000 1.000000
0.174345 -0.381977 -0.907578 17.176012 0.108614 0.923530 -0.367826 91.083122 0.978676 -0.034447 0.202501 17.589115 0.000000 0.000000 0.000000 1.000000
0.274518 -0.353255 -0.894344 15.183088 0.098977 0.935516 -0.339137 90.456970 0.956474 0.004580 0.291780 15.694840 0.000000 0.000000 0.000000 1.000000
0.372692 -0.311553 -0.874091 13.141134 0.085553 0.949479 -0.301945 89.871361 0.924003 0.037751 0.380517 13.798844 0.000000 0.000000 0.000000 1.000000
0.468649 -0.257898 -0.844901 11.210809 0.065443 0.963943 -0.257934 89.391296 0.880957 0.065588 0.468629 12.001872 0.000000 0.000000 0.000000 1.000000
0.559546 -0.205076 -0.803027 9.462584 0.043179 0.974801 -0.218857 88.941757 0.827673 0.087786 0.554302 10.224447 0.000000 0.000000 0.000000 1.000000
0.637159 -0.167857 -0.752232 7.757736 0.028834 0.980504 -0.194372 88.325829 0.770193 0.102156 0.629577 8.171888 0.000000 0.000000 0.000000 1.000000
0.694886 -0.144896 -0.704371 6.061429 0.020357 0.983061 -0.182143 87.680077 0.718832 0.112229 0.686065 6.020342 0.000000 0.000000 0.000000 1.000000
0.734838 -0.123219 -0.666956 4.385532 0.009014 0.985046 -0.172054 87.317528 0.678183 0.120420 0.724960 4.193772 0.000000 0.000000 0.000000 1.000000
0.764856 -0.095846 -0.637031 2.682642 -0.007745 0.987430 -0.157866 87.171013 0.644154 0.125679 0.754500 2.745337 0.000000 0.000000 0.000000 1.000000
0.790979 -0.064219 -0.608463 1.028445 -0.028519 0.989526 -0.141510 87.139633 0.611178 0.129285 0.780863 1.625356 0.000000 0.000000 0.000000 1.000000
0.814910 -0.033779 -0.578602 -0.486186 -0.049779 0.990532 -0.127937 87.114792 0.577445 0.133060 0.805513 0.723325 0.000000 0.000000 0.000000 1.000000</float_array>
        <technique_common>
          <accessor source="#mixamorig_Hips-Matrix-animation-output-transform-array" count="51" stride="16">
            <param type="float4x4"/>
          </accessor>
        </technique_common>
      </source>
      <source id="mixamorig_Hips-Interpolations">
        <Name_array id="mixamorig_Hips-Interpolations-array" count="51">
 LINEAR LINEAR LINEAR LINEAR LINEAR LINEAR LINEAR LINEAR LINEAR LINEAR LINEAR
LINEAR LINEAR LINEAR LINEAR LINEAR LINEAR LINEAR LINEAR LINEAR LINEAR LINEAR LINEAR
LINEAR LINEAR LINEAR LINEAR LINEAR LINEAR LINEAR LINEAR LINEAR LINEAR LINEAR LINEAR
LINEAR LINEAR LINEAR LINEAR LINEAR LINEAR LINEAR LINEAR LINEAR LINEAR LINEAR LINEAR
LINEAR LINEAR LINEAR LINEAR</Name_array>
        <technique_common>
          <accessor source="#mixamorig_Hips-Interpolations-array" count="51">
            <param type="name"/>
          </accessor>
        </technique_common>
      </source>
      <sampler id="mixamorig_Hips-Matrix-animation-transform">
        <input semantic="INPUT" source="#mixamorig_Hips-Matrix-animation-input"/>
        <input semantic="OUTPUT" source="#mixamorig_Hips-Matrix-animation-output-transform"/>
        <input semantic="INTERPOLATION" source="#mixamorig_Hips-Interpolations"/>
      </sampler>
      <channel source="#mixamorig_Hips-Matrix-animation-transform" target="mixamorig_Hips/matrix"/>
    </animation>
    <animation id="mixamorig_Spine-anim" name="mixamorig_Spine">
      <source id="mixamorig_Spine-Matrix-animation-input">
        <float_array id="mixamorig_Spine-Matrix-animation-input-array" count="51">

0.000000 0.033333 0.066667 0.100000 0.133333 0.166667 0.200000 0.233333 0.266667 0.300000 0.333333 0.366667 0.400000 0.433333 0.466667 0.500000
0.533333 0.566667 0.600000 0.633333 0.666667 0.700000 0.733333 0.766667 0.800000 0.833333 0.866667 0.900000 0.933333 0.966667 1.000000 1.033333
1.066667 1.100000 1.133333 1.166667 1.200000 1.233333 1.266667 1.300000 1.333333 1.366667 1.400000 1.433333 1.466667 1.500000 1.533333 1.566667
1.600000 1.633333 1.666667</float_array>
        <technique_common>
          <accessor source="#mixamorig_Spine-Matrix-animation-input-array" count="51">
            <param name="TIME" type="float"/>
          </accessor>
        </technique_common>
      </source>
      <source id="mixamorig_Spine-Matrix-animation-output-transform">
        <float_array id="mixamorig_Spine-Matrix-animation-output-transform-array" count="816">

0.994400 -0.082681 0.065822 0.012400 0.081313 0.996419 0.023201 10.445200 -0.067504 -0.017719 0.997562 -0.996300 0.000000 0.000000 0.000000 1.000000
0.994865 -0.079034 0.063218 0.012400 0.077665 0.996694 0.023839 10.445200 -0.064893 -0.018807 0.997715 -0.996300 0.000000 0.000000 0.000000 1.000000
0.995425 -0.073817 0.060670 0.012400 0.072395 0.997055 0.025314 10.445200 -0.062360 -0.020806 0.997837 -0.996300 0.000000 0.000000 0.000000 1.000000
0.996156 -0.067438 0.055897 0.012400 0.065989 0.997445 0.027367 10.445200 -0.057600 -0.023574 0.998061 -0.996300 0.000000 0.000000 0.000000 1.000000
0.997085 -0.059726 0.047481 0.012400 0.058340 0.997844 0.030062 10.445200 -0.049174 -0.027205 0.998420 -0.996300 0.000000 0.000000 0.000000 1.000000
0.998064 -0.050151 0.036776 0.012400 0.048930 0.998245 0.033370 10.445200 -0.038385 -0.031506 0.998766 -0.996300 0.000000 0.000000 0.000000 1.000000
0.998758 -0.041400 0.027725 0.012400 0.040363 0.998501 0.036976 10.445200 -0.029214 -0.035811 0.998931 -0.996300 0.000000 0.000000 0.000000 1.000000
0.999082 -0.036496 0.022430 0.012400 0.035566 0.998544 0.040564 10.445200 -0.023878 -0.039729 0.998925 -0.996300 0.000000 0.000000 0.000000 1.000000
0.999198 -0.034999 0.019474 0.012400 0.034102 0.998422 0.044605 10.445200 -0.021004 -0.043905 0.998815 -0.996300 0.000000 0.000000 0.000000 1.000000
0.999196 -0.035390 0.018828 0.012400 0.034393 0.998115 0.050838 10.445200 -0.020592 -0.050150 0.998529 -0.996300 0.000000 0.000000 0.000000 1.000000
0.999098 -0.034786 0.024353 0.012400 0.033233 0.997553 0.061504 10.445200 -0.026433 -0.060640 0.997810 -0.996300 0.000000 0.000000 0.000000 1.000000
0.998660 -0.032310 0.040423 0.012400 0.029105 0.996568 0.077490 10.445200 -0.042788 -0.076210 0.996173 -0.996300 0.000000 0.000000 0.000000 1.000000
0.997519 -0.026205 0.065338 0.012400 0.019824 0.995139 0.096465 10.445200 -0.067548 -0.094930 0.993190 -0.996300 0.000000 0.000000 0.000000 1.000000
0.995543 -0.018756 0.092423 0.012400 0.008185 0.993509 0.113457 10.445200 -0.093951 -0.112195 0.989235 -0.996300 0.000000 0.000000 0.000000 1.000000
0.993315 -0.009393 0.115053 0.012400 -0.004938 0.992314 0.123646 10.445200 -0.115330 -0.123387 0.985634 -0.996300 0.000000 0.000000 0.000000 1.000000
0.991950 -0.001648 0.126619 0.012400 -0.014432 0.991929 0.125974 10.445200 -0.125804 -0.126787 0.983920 -0.996300 0.000000 0.000000 0.000000 1.000000
0.992714 0.002409 0.120468 0.012400 -0.017259 0.992333 0.122379 10.445200 -0.119249 -0.123566 0.985145 -0.996300 0.000000 0.000000 0.000000 1.000000
0.995256 0.000911 0.097288 0.012400 -0.012160 0.993280 0.115095 10.445200 -0.096529 -0.115732 0.988579 -0.996300 0.000000 0.000000 0.000000 1.000000
0.998013 -0.010911 0.062053 0.012400 0.004320 0.994424 0.105371 10.445200 -0.062856 -0.104894 0.992495 -0.996300 0.000000 0.000000 0.000000 1.000000
0.999170 -0.032457 0.024627 0.012400 0.030034 0.995205 0.093083 10.445200 -0.027530 -0.092266 0.995354 -0.996300 0.000000 0.000000 0.000000 1.000000
0.998370 -0.056668 -0.006816 0.012400 0.057029 0.995260 0.078776 10.445200 0.002319 -0.079036 0.996869 -0.996300 0.000000 0.000000 0.000000 1.000000
0.997014 -0.071600 -0.028939 0.012400 0.073352 0.995194 0.064875 10.445200 0.024155 -0.066804 0.997474 -0.996300 0.000000 0.000000 0.000000 1.000000
0.996474 -0.073803 -0.039901 0.012400 0.075881 0.995688 0.053360 10.445200 0.035791 -0.056200 0.997778 -0.996300 0.000000 0.000000 0.000000 1.000000
0.996785 -0.067537 -0.043100 0.012400 0.069367 0.996686 0.042478 10.445200 0.040088 -0.045332 0.998167 -0.996300 0.000000 0.000000 0.000000 1.000000
0.997556 -0.048065 -0.050709 0.012400 0.049543 0.998371 0.028294 10.445200 0.049266 -0.030737 0.998313 -0.996300 0.000000 0.000000 0.000000 1.000000
0.997859 -0.027535 -0.059324 0.012400 0.028090 0.999569 0.008542 10.445200 0.059063 -0.010190 0.998202 -0.996300 0.000000 0.000000 0.000000 1.000000
0.997646 -0.007115 -0.068206 0.012400 0.006241 0.999896 -0.013025 10.445200 0.068292 0.012569 0.997586 -0.996300 0.000000 0.000000 0.000000 1.000000
0.997732 0.007228 -0.066922 0.012400 -0.009275 0.999497 -0.030322 10.445200 0.066669 0.030874 0.997297 -0.996300 0.000000 0.000000 0.000000 1.000000
0.998444 0.009570 -0.054942 0.012400 -0.011773 0.999134 -0.039908 10.445200 0.054512 0.040493 0.997692 -0.996300 0.000000 0.000000 0.000000 1.000000
0.999110 0.000927 -0.042164 0.012400 -0.002704 0.999110 -0.042105 10.445200 0.042088 0.042181 0.998223 -0.996300 0.000000 0.000000 0.000000 1.000000
0.999271 -0.012388 -0.036105 0.012400 0.010979 0.999180 -0.038966 10.445200 0.036559 0.038541 0.998588 -0.996300 0.000000 0.000000 0.000000 1.000000
0.999239 -0.026373 -0.028735 0.012400 0.025452 0.999165 -0.031958 10.445200 0.029553 0.031203 0.999076 -0.996300 0.000000 0.000000 0.000000 1.000000
0.999263 -0.036236 -0.012692 0.012400 0.035957 0.999122 -0.021502 10.445200 0.013460 0.021030 0.999688 -0.996300 0.000000 0.000000 0.000000 1.000000
0.999105 -0.040766 0.011273 0.012400 0.040861 0.999130 -0.008362 10.445200 -0.010923 0.008815 0.999901 -0.996300 0.000000 0.000000 0.000000 1.000000
0.998589 -0.041621 0.032979 0.012400 0.041465 0.999125 0.005388 10.445200 -0.033174 -0.004013 0.999442 -0.996300 0.000000 0.000000 0.000000 1.000000
0.998187 -0.041196 0.043883 0.012400 0.040513 0.999045 0.016356 10.445200 -0.044514 -0.014549 0.998903 -0.996300 0.000000 0.000000 0.000000 1.000000
0.998005 -0.043359 0.045887 0.012400 0.042397 0.998864 0.021735 10.445200 -0.046777 -0.019746 0.998710 -0.996300 0.000000 0.000000 0.000000 1.000000
0.997799 -0.048212 0.045528 0.012400 0.047258 0.998645 0.021804 10.445200 -0.046517 -0.019604 0.998725 -0.996300 0.000000 0.000000 0.000000 1.000000
0.997458 -0.053664 0.046886 0.012400 0.052759 0.998400 0.020348 10.445200 -0.047903 -0.017822 0.998693 -0.996300 0.000000 0.000000 0.000000 1.000000
0.997281 -0.055917 0.048005 0.012400 0.054955 0.998265 0.021134 10.445200 -0.049103 -0.018439 0.998623 -0.996300 0.000000 0.000000 0.000000 1.000000
0.997265 -0.056819 0.047265 0.012400 0.055714 0.998149 0.024383 10.445200 -0.048563 -0.021683 0.998585 -0.996300 0.000000 0.000000 0.000000 1.000000
0.997156 -0.059914 0.045716 0.012400 0.058716 0.997906 0.027119 10.445200 -0.047245 -0.024358 0.998586 -0.996300 0.000000 0.000000 0.000000 1.000000
0.996652 -0.067269 0.046471 0.012400 0.066056 0.997446 0.027156 10.445200 -0.048179 -0.023996 0.998550 -0.996300 0.000000 0.000000 0.000000 1.000000
0.995605 -0.078569 0.050961 0.012400 0.077342 0.996675 0.025623 10.445200 -0.052805 -0.021568 0.998372 -0.996300 0.000000 0.000000 0.000000 1.000000
0.994301 -0.089634 0.057720 0.012400 0.088314 0.995778 0.025041 10.445200 -0.059721 -0.019801 0.998019 -0.996300 0.000000 0.000000 0.000000 1.000000
0.993628 -0.092432 0.064488 0.012400 0.090926 0.995520 0.025917 10.445200 -0.066595 -0.019888 0.997582 -0.996300 0.000000 0.000000 0.000000 1.000000
0.993508 -0.089398 0.070363 0.012400 0.087697 0.995784 0.026901 10.445200 -0.072471 -0.020556 0.997159 -0.996300 0.000000 0.000000 0.000000 1.000000
0.993500 -0.086928 0.073489 0.012400 0.085172 0.996008 0.026714 10.445200 -0.075517 -0.020281 0.996938 -0.996300 0.000000 0.000000 0.000000 1.000000
0.993677 -0.085693 0.072549 0.012400 0.084059 0.996140 0.025292 10.445200 -0.074436 -0.019034 0.997044 -0.996300 0.000000 0.000000 0.000000 1.000000
0.993990 -0.084839 0.069185 0.012400 0.083376 0.996235 0.023774 10.445200 -0.070941 -0.017863 0.997321 -0.996300 0.000000 0.000000 0.000000 1.000000
0.994400 -0.082681 0.065822 0.012400 0.081313 0.996419 0.023201 10.445200 -0.067505 -0.017719 0.997562 -0.996300 0.000000 0.000000 0.000000 1.000000</float_array>
        <technique_common>
          <accessor source="#mixamorig_Spine-Matrix-animation-output-transform-array" count="51" stride="16">
            <param type="float4x4"/>
          </accessor>
        </technique_common>
      </source>
      <source id="mixamorig_Spine-Interpolations">
        <Name_array id="mixamorig_Spine-Interpolations-array" count="51">
 LINEAR LINEAR LINEAR LINEAR LINEAR LINEAR LINEAR LINEAR LINEAR LINEAR LINEAR
LINEAR LINEAR LINEAR LINEAR LINEAR LINEAR LINEAR LINEAR LINEAR LINEAR LINEAR LINEAR
LINEAR LINEAR LINEAR LINEAR LINEAR LINEAR LINEAR LINEAR LINEAR LINEAR LINEAR LINEAR
LINEAR LINEAR LINEAR LINEAR LINEAR LINEAR LINEAR LINEAR LINEAR LINEAR LINEAR LINEAR
LINEAR LINEAR LINEAR LINEAR</Name_array>
        <technique_common>
          <accessor source="#mixamorig_Spine-Interpolations-array" count="51">
            <param type="name"/>
          </accessor>
        </technique_common>
      </source>
      <sampler id="mixamorig_Spine-Matrix-animation-transform">
        <input semantic="INPUT" source="#mixamorig_Spine-Matrix-animation-input"/>
        <input semantic="OUTPUT" source="#mixamorig_Spine-Matrix-animation-output-transform"/>
        <input semantic="INTERPOLATION" source="#mixamorig_Spine-Interpolations"/>
      </sampler>
      <channel source="#mixamorig_Spine-Matrix-animation-transform" target="mixamorig_Spine/matrix"/>
    </animation>
    <animation id="mixamorig_Spine1-anim" name="mixamorig_Spine1">
      <source id="mixamorig_Spine1-Matrix-animation-input">
        <float_array id="mixamorig_Spine1-Matrix-animation-input-array" count="51">

0.000000 0.033333 0.066667 0.100000 0.133333 0.166667 0.200000 0.233333 0.266667 0.300000 0.333333 0.366667 0.400000 0.433333 0.466667 0.500000
0.533333 0.566667 0.600000 0.633333 0.666667 0.700000 0.733333 0.766667 0.800000 0.833333 0.866667 0.900000 0.933333 0.966667 1.000000 1.033333
1.066667 1.100000 1.133333 1.166667 1.200000 1.233333 1.266667 1.300000 1.333333 1.366667 1.400000 1.433333 1.466667 1.500000 1.533333 1.566667
1.600000 1.633333 1.666667</float_array>
        <technique_common>
          <accessor source="#mixamorig_Spine1-Matrix-animation-input-array" count="51">
            <param name="TIME" type="float"/>
          </accessor>
        </technique_common>
      </source>
      <source id="mixamorig_Spine1-Matrix-animation-output-transform">
        <float_array id="mixamorig_Spine1-Matrix-animation-output-transform-array" count="816">

0.999500 -0.017597 0.026261 0.000000 0.018615 0.999064 -0.039034 12.174800 -0.025549 0.039503 0.998893 0.000000 0.000000 0.000000 0.000000 1.000000
0.999566 -0.016470 0.024432 0.000000 0.017436 0.999054 -0.039846 12.174800 -0.023752 0.040254 0.998907 0.000000 0.000000 0.000000 0.000000 1.000000
0.999549 -0.016603 0.025010 0.000000 0.017643 0.998965 -0.041920 12.174800 -0.024288 0.042342 0.998808 0.000000 0.000000 0.000000 0.000000 1.000000
0.999611 -0.016101 0.022779 0.000000 0.017097 0.998876 -0.044208 12.174800 -0.022042 0.044580 0.998763 0.000000 0.000000 0.000000 0.000000 1.000000
0.999811 -0.012932 0.014513 0.000000 0.013583 0.998864 -0.045678 12.174800 -0.013906 0.045866 0.998851 0.000000 0.000000 0.000000 0.000000 1.000000
0.999969 -0.007363 0.002876 0.000000 0.007488 0.998913 -0.046014 12.174800 -0.002534 0.046034 0.998937 0.000000 0.000000 0.000000 0.000000 1.000000
0.999978 -0.002869 -0.006014 0.000000 0.002592 0.998957 -0.045586 12.174800 0.006138 0.045569 0.998942 0.000000 0.000000 0.000000 0.000000 1.000000
0.999950 -0.003478 -0.009419 0.000000 0.003053 0.998991 -0.044810 12.174800 0.009565 0.044779 0.998951 -0.000000 0.000000 0.000000 0.000000 1.000000
0.999907 -0.009629 -0.009656 0.000000 0.009204 0.999028 -0.043107 12.174800 0.010062 0.043014 0.999024 0.000000 0.000000 0.000000 0.000000 1.000000
0.999828 -0.016952 -0.007576 0.000000 0.016653 0.999140 -0.037962 12.174800 0.008213 0.037829 0.999250 0.000000 0.000000 0.000000 0.000000 1.000000
0.999801 -0.019748 0.002985 -0.000000 0.019818 0.999474 -0.025673 12.174800 -0.002477 0.025727 0.999666 0.000000 0.000000 0.000000 0.000000 1.000000
0.999411 -0.015968 0.030384 -0.000000 0.016114 0.999860 -0.004582 12.174800 -0.030306 0.005069 0.999528 0.000000 0.000000 0.000000 0.000000 1.000000
0.997218 -0.008847 0.074016 0.000000 0.007254 0.999737 0.021755 12.174800 -0.074189 -0.021158 0.997020 0.000000 0.000000 0.000000 0.000000 1.000000
0.992732 -0.003496 0.120293 0.000000 -0.001965 0.998974 0.045249 12.174800 -0.120328 -0.045156 0.991707 0.000000 0.000000 0.000000 0.000000 1.000000
0.988494 -0.001659 0.151250 0.000000 -0.007214 0.998285 0.058092 12.174800 -0.151087 -0.058515 0.986787 -0.000000 0.000000 0.000000 0.000000 1.000000
0.987722 -0.000555 0.156219 0.000000 -0.008508 0.998318 0.057340 12.174800 -0.155988 -0.057965 0.986057 0.000000 0.000000 0.000000 0.000000 1.000000
0.990798 0.001795 0.135335 -0.000000 -0.008051 0.998923 0.045693 12.174800 -0.135107 -0.046362 0.989746 0.000000 0.000000 0.000000 0.000000 1.000000
0.995447 0.000299 0.095320 -0.000000 -0.003047 0.999584 0.028677 12.174800 -0.095272 -0.028837 0.995034 0.000000 0.000000 0.000000 0.000000 1.000000
0.998865 -0.015159 0.045152 0.000000 0.014731 0.999843 0.009800 12.174800 -0.045294 -0.009124 0.998932 0.000000 0.000000 0.000000 0.000000 1.000000
0.998843 -0.047865 -0.004584 -0.000000 0.047807 0.998784 -0.012021 12.174800 0.005154 0.011787 0.999917 -0.000000 0.000000 0.000000 0.000000 1.000000
0.995436 -0.085467 -0.042452 0.000000 0.083848 0.995732 -0.038553 12.174800 0.045566 0.034818 0.998354 0.000000 0.000000 0.000000 0.000000 1.000000
0.992294 -0.107380 -0.061819 0.000000 0.103248 0.992426 -0.066557 12.174800 0.068498 0.059662 0.995866 0.000000 0.000000 0.000000 0.000000 1.000000
0.992512 -0.101839 -0.067439 0.000000 0.095610 0.991350 -0.089907 12.174800 0.076012 0.082786 0.993664 0.000000 0.000000 0.000000 0.000000 1.000000
0.994589 -0.074058 -0.072854 0.000000 0.065961 0.991974 -0.107878 12.174800 0.080259 0.102489 0.991491 -0.000000 0.000000 0.000000 0.000000 1.000000
0.995443 -0.038753 -0.087126 0.000000 0.027485 0.991522 -0.126999 12.174800 0.091309 0.124026 0.988069 0.000000 0.000000 0.000000 0.000000 1.000000
0.994481 -0.007506 -0.104650 0.000000 -0.008588 0.988268 -0.152491 12.174800 0.104567 0.152548 0.982749 -0.000000 0.000000 0.000000 0.000000 1.000000
0.993639 0.015692 -0.111514 0.000000 -0.035816 0.982861 -0.180834 12.174800 0.106765 0.183677 0.977171 0.000000 0.000000 0.000000 0.000000 1.000000
0.994334 0.030248 -0.101908 -0.000000 -0.050552 0.977873 -0.202999 12.174800 0.093513 0.207000 0.973862 0.000000 0.000000 0.000000 0.000000 1.000000
0.995781 0.034862 -0.084881 0.000000 -0.052339 0.975578 -0.213325 12.174800 0.075371 0.216868 0.973287 0.000000 0.000000 0.000000 0.000000 1.000000
0.996905 0.028189 -0.073384 0.000000 -0.043312 0.975986 -0.213484 12.174800 0.065604 0.216002 0.974186 0.000000 0.000000 0.000000 0.000000 1.000000
0.997568 0.011791 -0.068688 0.000000 -0.025894 0.977737 -0.208231 12.174800 0.064704 0.209504 0.975665 0.000000 0.000000 0.000000 0.000000 1.000000
0.998234 -0.008591 -0.058783 -0.000000 -0.003318 0.979881 -0.199554 12.174800 0.059315 0.199397 0.978122 -0.000000 0.000000 0.000000 0.000000 1.000000
0.999140 -0.025233 -0.032903 0.000000 0.018695 0.982424 -0.185723 12.174800 0.037011 0.184949 0.982051 -0.000000 0.000000 0.000000 0.000000 1.000000
0.999443 -0.033062 0.004602 0.000000 0.033368 0.985743 -0.164918 12.174800 0.000917 0.164980 0.986297 -0.000000 0.000000 0.000000 0.000000 1.000000
0.998761 -0.033111 0.037163 0.000000 0.037996 0.989485 -0.139556 12.174800 -0.032152 0.140795 0.989517 0.000000 0.000000 0.000000 0.000000 1.000000
0.998153 -0.031013 0.052233 0.000000 0.036933 0.992505 -0.116493 12.174800 -0.048229 0.118207 0.991817 0.000000 0.000000 0.000000 0.000000 1.000000
0.998150 -0.031707 0.051880 0.000000 0.036884 0.994091 -0.102087 12.174800 -0.048336 0.103812 0.993422 0.000000 0.000000 0.000000 0.000000 1.000000
0.998246 -0.035922 0.047067 0.000000 0.040346 0.994496 -0.096692 12.174800 -0.043335 0.098422 0.994201 0.000000 0.000000 0.000000 0.000000 1.000000
0.998139 -0.041232 0.044932 -0.000000 0.045320 0.994528 -0.094125 12.174800 -0.040806 0.095987 0.994546 0.000000 0.000000 0.000000 0.000000 1.000000
0.998004 -0.045174 0.044137 0.000000 0.048917 0.994940 -0.087758 12.174800 -0.039949 0.089741 0.995164 0.000000 0.000000 0.000000 0.000000 1.000000
0.998074 -0.046825 0.040679 0.000000 0.049860 0.995773 -0.077132 12.174800 -0.036895 0.079012 0.996191 0.000000 0.000000 0.000000 0.000000 1.000000
0.998330 -0.046467 0.034336 -0.000000 0.048702 0.996538 -0.067387 12.174800 -0.031086 0.068946 0.997136 0.000000 0.000000 0.000000 0.000000 1.000000
0.998581 -0.044913 0.028611 0.000000 0.046633 0.996950 -0.062582 12.174800 -0.025713 0.063827 0.997630 0.000000 0.000000 0.000000 0.000000 1.000000
0.998714 -0.042949 0.026934 -0.000000 0.044535 0.997122 -0.061355 12.174800 -0.024221 0.062476 0.997753 0.000000 0.000000 0.000000 0.000000 1.000000
0.998705 -0.040758 0.030457 0.000000 0.042515 0.997325 -0.059460 12.174800 -0.027952 0.060678 0.997766 0.000000 0.000000 0.000000 0.000000 1.000000
0.998567 -0.037864 0.037824 0.000000 0.039910 0.997695 -0.054886 12.174800 -0.035658 0.056317 0.997776 0.000000 0.000000 0.000000 0.000000 1.000000
0.998411 -0.033923 0.045002 0.000000 0.036130 0.998136 -0.049177 12.174800 -0.043250 0.050724 0.997776 0.000000 0.000000 0.000000 0.000000 1.000000
0.998473 -0.029276 0.046841 0.000000 0.031368 0.998514 -0.044563 12.174800 -0.045467 0.045964 0.997908 0.000000 0.000000 0.000000 0.000000 1.000000
0.998833 -0.024591 0.041556 -0.000000 0.026320 0.998789 -0.041577 12.174800 -0.040483 0.042623 0.998271 0.000000 0.000000 0.000000 0.000000 1.000000
0.999251 -0.020476 0.032833 0.000000 0.021776 0.998973 -0.039735 12.174800 -0.031985 0.040421 0.998671 0.000000 0.000000 0.000000 0.000000 1.000000
0.999500 -0.017597 0.026261 -0.000000 0.018615 0.999064 -0.039034 12.174800 -0.025550 0.039503 0.998893 0.000000 0.000000 0.000000 0.000000 1.000000</float_array>
        <technique_common>
          <accessor source="#mixamorig_Spine1-Matrix-animation-output-transform-array" count="51" stride="16">
            <param type="float4x4"/>
          </accessor>
        </technique_common>
      </source>
      <source id="mixamorig_Spine1-Interpolations">
        <Name_array id="mixamorig_Spine1-Interpolations-array" count="51">
 LINEAR LINEAR LINEAR LINEAR LINEAR LINEAR LINEAR LINEAR LINEAR LINEAR LINEAR
LINEAR LINEAR LINEAR LINEAR LINEAR LINEAR LINEAR LINEAR LINEAR LINEAR LINEAR LINEAR
LINEAR LINEAR LINEAR LINEAR LINEAR LINEAR LINEAR LINEAR LINEAR LINEAR LINEAR LINEAR
LINEAR LINEAR LINEAR LINEAR LINEAR LINEAR LINEAR LINEAR LINEAR LINEAR LINEAR LINEAR
LINEAR LINEAR LINEAR LINEAR</Name_array>
        <technique_common>
          <accessor source="#mixamorig_Spine1-Interpolations-array" count="51">
            <param type="name"/>
          </accessor>
        </technique_common>
      </source>
      <sampler id="mixamorig_Spine1-Matrix-animation-transform">
        <input semantic="INPUT" source="#mixamorig_Spine1-Matrix-animation-input"/>
        <input semantic="OUTPUT" source="#mixamorig_Spine1-Matrix-animation-output-transform"/>
        <input semantic="INTERPOLATION" source="#mixamorig_Spine1-Interpolations"/>
      </sampler>
      <channel source="#mixamorig_Spine1-Matrix-animation-transform" target="mixamorig_Spine1/matrix"/>
    </animation>
    <animation id="mixamorig_Spine2-anim" name="mixamorig_Spine2">
      <source id="mixamorig_Spine2-Matrix-animation-input">
        <float_array id="mixamorig_Spine2-Matrix-animation-input-array" count="51">

0.000000 0.033333 0.066667 0.100000 0.133333 0.166667 0.200000 0.233333 0.266667 0.300000 0.333333 0.366667 0.400000 0.433333 0.466667 0.500000
0.533333 0.566667 0.600000 0.633333 0.666667 0.700000 0.733333 0.766667 0.800000 0.833333 0.866667 0.900000 0.933333 0.966667 1.000000 1.033333
1.066667 1.100000 1.133333 1.166667 1.200000 1.233333 1.266667 1.300000 1.333333 1.366667 1.400000 1.433333 1.466667 1.500000 1.533333 1.566667
1.600000 1.633333 1.666667</float_array>
        <technique_common>
          <accessor source="#mixamorig_Spine2-Matrix-animation-input-array" count="51">
            <param name="TIME" type="float"/>
          </accessor>
        </technique_common>
      </source>
      <source id="mixamorig_Spine2-Matrix-animation-output-transform">
        <float_array id="mixamorig_Spine2-Matrix-animation-output-transform-array" count="816">

0.999476 -0.014110 0.029146 0.000000 0.017876 0.990916 -0.133288 14.038200 -0.027000 0.133739 0.990649 0.000000 0.000000 0.000000 0.000000 1.000000
0.999542 -0.013172 0.027257 0.000000 0.016714 0.990825 -0.134117 14.038200 -0.025241 0.134511 0.990591 0.000000 0.000000 0.000000 0.000000 1.000000
0.999524 -0.013311 0.027827 0.000000 0.016982 0.990539 -0.136178 14.038200 -0.025751 0.136586 0.990293 0.000000 0.000000 0.000000 0.000000 1.000000
0.999589 -0.013083 0.025521 0.000000 0.016496 0.990227 -0.138485 14.038200 -0.023460 0.138849 0.990036 0.000000 0.000000 0.000000 0.000000 1.000000
0.999799 -0.010735 0.016949 0.000000 0.013004 0.990061 -0.140039 14.038200 -0.015277 0.140231 0.990001 0.000000 0.000000 0.000000 0.000000 1.000000
0.999969 -0.006289 0.004774 0.000000 0.006897 0.990057 -0.140500 14.038200 -0.003843 0.140529 0.990069 0.000000 0.000000 0.000000 0.000000 1.000000
0.999986 -0.002663 -0.004609 0.000000 0.001991 0.990124 -0.140179 14.038200 0.004936 0.140168 0.990115 0.000000 0.000000 0.000000 0.000000 1.000000
0.999961 -0.003634 -0.008101 0.000000 0.002469 0.990223 -0.139473 14.038200 0.008529 0.139448 0.990193 0.000000 0.000000 0.000000 0.000000 1.000000
0.999920 -0.009852 -0.007946 0.000000 0.008663 0.990420 -0.137818 14.038200 0.009228 0.137739 0.990426 0.000000 0.000000 0.000000 0.000000 1.000000
0.999840 -0.017045 -0.005369 0.000000 0.016182 0.991024 -0.132703 14.038200 0.007583 0.132595 0.991141 0.000000 0.000000 0.000000 0.000000 1.000000
0.999806 -0.018992 0.005238 0.000000 0.019484 0.992534 -0.120405 14.038200 -0.002912 0.120484 0.992711 -0.000000 0.000000 0.000000 0.000000 1.000000
0.999404 -0.012916 0.032007 0.000000 0.016037 0.994932 -0.099263 14.038200 -0.030562 0.099717 0.994546 0.000000 0.000000 0.000000 0.000000 1.000000
0.997204 -0.002111 0.074700 -0.000000 0.007575 0.997308 -0.072930 14.038200 -0.074345 0.073292 0.994536 0.000000 0.000000 0.000000 0.000000 1.000000
0.992703 0.007093 0.120374 -0.000000 -0.001107 0.998763 -0.049718 14.038200 -0.120577 0.049222 0.991483 0.000000 0.000000 0.000000 0.000000 1.000000
0.988420 0.011371 0.151316 0.000000 -0.005743 0.999277 -0.037582 14.038200 -0.151634 0.036278 0.987771 0.000000 0.000000 0.000000 0.000000 1.000000
0.987602 0.012640 0.156470 -0.000000 -0.006569 0.999208 -0.039254 14.038200 -0.156842 0.037739 0.986902 0.000000 0.000000 0.000000 0.000000 1.000000
0.990688 0.013020 0.135530 0.000000 -0.006079 0.998654 -0.051500 14.038200 -0.136018 0.050197 0.989434 0.000000 0.000000 0.000000 0.000000 1.000000
0.995392 0.008100 0.095549 0.000000 -0.001555 0.997659 -0.068368 14.038200 -0.095879 0.067904 0.993074 0.000000 0.000000 0.000000 0.000000 1.000000
0.998853 -0.011478 0.046480 0.000000 0.015466 0.996143 -0.086375 14.038200 -0.045309 0.086994 0.995178 -0.000000 0.000000 0.000000 0.000000 1.000000
0.998839 -0.048173 -0.000760 0.000000 0.047815 0.993110 -0.106987 14.038200 0.005909 0.106827 0.994260 -0.000000 0.000000 0.000000 0.000000 1.000000
0.995403 -0.088740 -0.036022 0.000000 0.083263 0.987698 -0.132361 14.038200 0.047325 0.128754 0.990547 0.000000 0.000000 0.000000 0.000000 1.000000
0.992189 -0.112118 -0.054679 0.000000 0.102171 0.981909 -0.159424 14.038200 0.071564 0.152593 0.985695 0.000000 0.000000 0.000000 0.000000 1.000000
0.992300 -0.107056 -0.062293 0.000000 0.094175 0.978786 -0.181960 14.038200 0.080451 0.174693 0.981331 -0.000000 0.000000 0.000000 0.000000 1.000000
0.994240 -0.079974 -0.071346 0.000000 0.064373 0.977871 -0.199058 14.038200 0.085687 0.193319 0.977387 -0.000000 0.000000 0.000000 0.000000 1.000000
0.994942 -0.046304 -0.089147 -0.000000 0.025942 0.975760 -0.217298 14.038200 0.097048 0.213887 0.972026 0.000000 0.000000 0.000000 0.000000 1.000000
0.993882 -0.017048 -0.109125 -0.000000 -0.009953 0.970172 -0.242213 14.038200 0.109999 0.241818 0.964067 0.000000 0.000000 0.000000 0.000000 1.000000
0.993068 0.005077 -0.117434 0.000000 -0.036903 0.962019 -0.270478 14.038200 0.111601 0.272937 0.955537 0.000000 0.000000 0.000000 0.000000 1.000000
0.993883 0.020052 -0.108600 0.000000 -0.051273 0.954751 -0.292953 14.038200 0.097812 0.296730 0.949939 0.000000 0.000000 0.000000 0.000000 1.000000
0.995452 0.025916 -0.091667 0.000000 -0.052733 0.951311 -0.303689 14.038200 0.079334 0.307142 0.948351 -0.000000 0.000000 0.000000 0.000000 1.000000
0.996640 0.020337 -0.079344 0.000000 -0.043632 0.951626 -0.304145 14.038200 0.069320 0.306585 0.949316 0.000000 0.000000 0.000000 0.000000 1.000000
0.997331 0.004788 -0.072849 -0.000000 -0.026431 0.953839 -0.299155 14.038200 0.068054 0.300282 0.951420 0.000000 0.000000 0.000000 0.000000 1.000000
0.998062 -0.014138 -0.060604 0.000000 -0.004114 0.956735 -0.290933 14.038200 0.062095 0.290619 0.954822 0.000000 0.000000 0.000000 0.000000 1.000000
0.999073 -0.028093 -0.032621 0.000000 0.017936 0.960469 -0.277809 14.038200 0.039136 0.276967 0.960082 0.000000 0.000000 0.000000 0.000000 1.000000
0.999451 -0.032554 0.006129 0.000000 0.033033 0.965642 -0.257767 14.038200 0.002473 0.257828 0.966188 0.000000 0.000000 0.000000 0.000000 1.000000
0.998790 -0.029874 0.039068 0.000000 0.038179 0.971730 -0.232990 14.038200 -0.031004 0.234199 0.971694 -0.000000 0.000000 0.000000 0.000000 1.000000
0.998179 -0.026520 0.054178 0.000000 0.037368 0.976932 -0.210256 14.038200 -0.047353 0.211898 0.976144 0.000000 0.000000 0.000000 0.000000 1.000000
0.998169 -0.027129 0.054053 0.000000 0.037245 0.979901 -0.195979 14.038200 -0.047650 0.197633 0.979117 0.000000 0.000000 0.000000 0.000000 1.000000
0.998261 -0.031551 0.049790 0.000000 0.040506 0.980835 -0.190581 14.038200 -0.042823 0.192267 0.980408 0.000000 0.000000 0.000000 0.000000 1.000000
0.998150 -0.036855 0.048356 0.000000 0.045332 0.981130 -0.187958 14.038200 -0.040516 0.189802 0.980986 0.000000 0.000000 0.000000 0.000000 1.000000
0.998007 -0.040719 0.048207 -0.000000 0.048843 0.982163 -0.181576 14.038200 -0.039954 0.183569 0.982194 -0.000000 0.000000 0.000000 0.000000 1.000000
0.998071 -0.042540 0.045216 0.000000 0.049689 0.984014 -0.171019 14.038200 -0.037218 0.172936 0.984230 0.000000 0.000000 0.000000 0.000000 1.000000
0.998326 -0.042619 0.039096 0.000000 0.048399 0.985706 -0.161374 14.038200 -0.031660 0.162996 0.986119 0.000000 0.000000 0.000000 0.000000 1.000000
0.998582 -0.041478 0.033368 0.000000 0.046213 0.986574 -0.156639 14.038200 -0.026423 0.157959 0.987092 0.000000 0.000000 0.000000 0.000000 1.000000
0.998717 -0.039614 0.031544 0.000000 0.044053 0.986864 -0.155432 14.038200 -0.024972 0.156622 0.987343 0.000000 0.000000 0.000000 0.000000 1.000000
0.998704 -0.037089 0.034849 0.000000 0.042021 0.987252 -0.153520 14.038200 -0.028711 0.154785 0.987531 0.000000 0.000000 0.000000 0.000000 1.000000
0.998558 -0.033525 0.041933 0.000000 0.039427 0.988064 -0.148913 14.038200 -0.036440 0.150352 0.987961 0.000000 0.000000 0.000000 0.000000 1.000000
0.998391 -0.028920 0.048771 -0.000000 0.035643 0.989055 -0.143177 14.038200 -0.044096 0.144685 0.988495 0.000000 0.000000 0.000000 0.000000 1.000000
0.998445 -0.024068 0.050279 0.000000 0.030839 0.989871 -0.138576 14.038200 -0.046435 0.139911 0.989075 -0.000000 0.000000 0.000000 0.000000 1.000000
0.998802 -0.019800 0.044742 -0.000000 0.025711 0.990422 -0.135662 14.038200 -0.041627 0.136650 0.989744 0.000000 0.000000 0.000000 0.000000 1.000000
0.999223 -0.016417 0.035841 0.000000 0.021082 0.990768 -0.133919 14.038200 -0.033311 0.134570 0.990344 0.000000 0.000000 0.000000 0.000000 1.000000
0.999476 -0.014110 0.029146 0.000000 0.017876 0.990916 -0.133288 14.038200 -0.027000 0.133739 0.990649 0.000000 0.000000 0.000000 0.000000 1.000000</float_array>
        <technique_common>
          <accessor source="#mixamorig_Spine2-Matrix-animation-output-transform-array" count="51" stride="16">
            <param type="float4x4"/>
          </accessor>
        </technique_common>
      </source>
      <source id="mixamorig_Spine2-Interpolations">
        <Name_array id="mixamorig_Spine2-Interpolations-array" count="51">
 LINEAR LINEAR LINEAR LINEAR LINEAR LINEAR LINEAR LINEAR LINEAR LINEAR LINEAR
LINEAR LINEAR LINEAR LINEAR LINEAR LINEAR LINEAR LINEAR LINEAR LINEAR LINEAR LINEAR
