<?xml version="1.0" encoding="utf-8"?>
<COLLADA xmlns="http://www.collada.org/2005/11/COLLADASchema" version="1.4.1">
  <asset>
    <contributor>
      <author>Mixamo</author>
      <authoring_tool>COLLADA Mixamo exporter</authoring_tool>
      <comments/>
    </contributor>
    <created>2024-10-24T19:01:19Z</created>
    <modified>2024-10-24T19:01:19Z</modified>
    <revision/>
    <title/>
    <unit meter="0.010000"/>
    <up_axis>Y_UP</up_axis>
  </asset>
  <library_animations>
    <animation id="mixamorig_Hips-anim" name="mixamorig_Hips">
      <source id="mixamorig_Hips-Matrix-animation-input">
        <float_array id="mixamorig_Hips-Matrix-animation-input-array" count="32">

0.000000 0.033333 0.066667 0.100000 0.133333 0.166667 0.200000 0.233333 0.266667 0.300000 0.333333 0.366667 0.400000 0.433333 0.466667 0.500000
0.533333 0.566667 0.600000 0.633333 0.666667 0.700000 0.733333 0.766667 0.800000 0.833333 0.866667 0.900000 0.933333 0.966667 1.000000 1.033333</float_array>
        <technique_common>
          <accessor source="#mixamorig_Hips-Matrix-animation-input-array" count="32">
            <param name="TIME" type="float"/>
          </accessor>
        </technique_common>
      </source>
      <source id="mixamorig_Hips-Matrix-animation-output-transform">
        <float_array id="mixamorig_Hips-Matrix-animation-output-transform-array" count="512">

0.999371 0.011962 0.033387 0.064479 -0.010832 0.999369 -0.033836 95.546532 -0.033770 0.033453 0.998870 0.617561 0.000000 0.000000 0.000000 1.000000
0.999716 0.005759 0.023123 0.180627 -0.004731 0.999009 -0.044251 96.538498 -0.023355 0.044129 0.998753 0.288957 0.000000 0.000000 0.000000 1.000000
0.999919 0.003409 0.012286 0.344841 -0.002722 0.998454 -0.055515 96.808945 -0.012456 0.055477 0.998382 -0.195614 0.000000 0.000000 0.000000 1.000000
0.999748 0.021219 -0.007364 0.583346 -0.021643 0.997759 -0.063308 96.055923 0.006004 0.063452 0.997967 -0.645492 0.000000 0.000000 0.000000 1.000000
0.998494 0.042974 -0.034106 0.809791 -0.045156 0.996796 -0.066024 94.570808 0.031159 0.067465 0.997235 -0.797387 0.000000 0.000000 0.000000 1.000000
0.997148 0.052713 -0.054010 1.073032 -0.056383 0.996034 -0.068834 92.889732 0.050168 0.071682 0.996165 -0.740224 0.000000 0.000000 0.000000 1.000000
0.996583 0.051171 -0.064837 1.402810 -0.055637 0.996060 -0.069051 91.607193 0.061048 0.072423 0.995504 -0.690960 0.000000 0.000000 0.000000 1.000000
0.997409 0.038737 -0.060613 1.830967 -0.041951 0.997730 -0.052683 90.722961 0.058434 0.055089 0.996770 -0.015838 0.000000 0.000000 0.000000 1.000000
0.998207 0.032474 -0.050288 2.473161 -0.034496 0.998609 -0.039876 90.339798 0.048923 0.041539 0.997938 1.352972 0.000000 0.000000 0.000000 1.000000
0.998826 0.026617 -0.040469 3.170175 -0.027773 0.999215 -0.028268 89.758835 0.039685 0.029358 0.998781 2.461003 0.000000 0.000000 0.000000 1.000000
0.999374 0.017407 -0.030789 3.751388 -0.017965 0.999678 -0.017935 89.004303 0.030466 0.018477 0.999365 2.842206 0.000000 0.000000 0.000000 1.000000
0.999789 0.004957 -0.019916 4.241432 -0.005136 0.999947 -0.008946 88.673233 0.019871 0.009046 0.999762 2.682553 0.000000 0.000000 0.000000 1.000000
0.999968 -0.003723 -0.007109 4.632977 0.003713 0.999992 -0.001292 89.056694 0.007114 0.001266 0.999974 2.445924 0.000000 0.000000 0.000000 1.000000
0.999919 -0.010388 0.007402 4.780006 0.010350 0.999934 0.005040 90.195526 -0.007454 -0.004963 0.999960 2.177892 0.000000 0.000000 0.000000 1.000000
0.999608 -0.016517 0.022628 4.679482 0.016293 0.999817 0.010055 91.628174 -0.022790 -0.009682 0.999693 1.895394 0.000000 0.000000 0.000000 1.000000
0.999045 -0.021381 0.038107 4.398511 0.020870 0.999687 0.013765 92.965614 -0.038390 -0.012957 0.999179 1.817630 0.000000 0.000000 0.000000 1.000000
0.998250 -0.025326 0.053441 4.126891 0.024622 0.999602 0.013795 94.154640 -0.053769 -0.012455 0.998476 1.876591 0.000000 0.000000 0.000000 1.000000
0.997309 -0.027960 0.067775 3.885329 0.027382 0.999580 0.009450 94.845467 -0.068011 -0.007569 0.997656 1.871847 0.000000 0.000000 0.000000 1.000000
0.996299 -0.029418 0.080763 3.622772 0.029541 0.999564 -0.000331 94.930260 -0.080718 0.002716 0.996733 1.801184 0.000000 0.000000 0.000000 1.000000
0.994242 -0.042255 0.098476 3.272102 0.043734 0.998960 -0.012907 94.667526 -0.097828 0.017140 0.995056 1.798132 0.000000 0.000000 0.000000 1.000000
0.991719 -0.052849 0.117052 2.920005 0.056326 0.998058 -0.026603 93.854889 -0.115418 0.032975 0.992769 1.845136 0.000000 0.000000 0.000000 1.000000
0.990240 -0.056455 0.127428 2.569952 0.062301 0.997158 -0.042361 93.021347 -0.124675 0.049886 0.990943 1.718423 0.000000 0.000000 0.000000 1.000000
0.990269 -0.053990 0.128266 2.041434 0.060196 0.997171 -0.045013 91.796753 -0.125473 0.052296 0.990718 2.131830 0.000000 0.000000 0.000000 1.000000
0.992402 -0.036039 0.117645 1.415766 0.039910 0.998731 -0.030721 90.764557 -0.116388 0.035183 0.992580 3.063794 0.000000 0.000000 0.000000 1.000000
0.994003 -0.026122 0.106183 0.748328 0.029071 0.999231 -0.026315 89.950478 -0.105414 0.029244 0.993998 4.101205 0.000000 0.000000 0.000000 1.000000
0.995280 -0.013165 0.096152 0.136200 0.015659 0.999559 -0.025228 89.199234 -0.095778 0.026614 0.995047 4.352432 0.000000 0.000000 0.000000 1.000000
0.996236 -0.001020 0.086671 -0.468853 0.003351 0.999636 -0.026752 89.056084 -0.086613 0.026942 0.995878 4.077289 0.000000 0.000000 0.000000 1.000000
0.997027 0.007161 0.076722 -0.912413 -0.004887 0.999544 -0.029783 89.512886 -0.076900 0.029319 0.996608 3.309631 0.000000 0.000000 0.000000 1.000000
0.997778 0.010443 0.065806 -1.003348 -0.008272 0.999415 -0.033171 90.661873 -0.066114 0.032553 0.997281 2.549716 0.000000 0.000000 0.000000 1.000000
0.998436 0.011983 0.054602 -0.741138 -0.010037 0.999310 -0.035768 92.239830 -0.054993 0.035164 0.997867 1.962199 0.000000 0.000000 0.000000 1.000000
0.998972 0.012246 0.043639 -0.325473 -0.010660 0.999281 -0.036392 93.966614 -0.044053 0.035889 0.998384 1.342576 0.000000 0.000000 0.000000 1.000000
0.999371 0.011962 0.033387 0.064479 -0.010832 0.999369 -0.033836 95.546532 -0.033770 0.033453 0.998870 0.617560 0.000000 0.000000 0.000000 1.000000</float_array>
        <technique_common>
          <accessor source="#mixamorig_Hips-Matrix-animation-output-transform-array" count="32" stride="16">
            <param type="float4x4"/>
          </accessor>
        </technique_common>
      </source>
      <source id="mixamorig_Hips-Interpolations">
        <Name_array id="mixamorig_Hips-Interpolations-array" count="32">
 LINEAR LINEAR LINEAR LINEAR LINEAR LINEAR LINEAR LINEAR LINEAR LINEAR LINEAR
LINEAR LINEAR LINEAR LINEAR LINEAR LINEAR LINEAR LINEAR LINEAR LINEAR LINEAR LINEAR
LINEAR LINEAR LINEAR LINEAR LINEAR LINEAR LINEAR LINEAR LINEAR</Name_array>
        <technique_common>
          <accessor source="#mixamorig_Hips-Interpolations-array" count="32">
            <param type="name"/>
          </accessor>
        </technique_common>
      </source>
      <sampler id="mixamorig_Hips-Matrix-animation-transform">
        <input semantic="INPUT" source="#mixamorig_Hips-Matrix-animation-input"/>
        <input semantic="OUTPUT" source="#mixamorig_Hips-Matrix-animation-output-transform"/>
        <input semantic="INTERPOLATION" source="#mixamorig_Hips-Interpolations"/>
      </sampler>
      <channel source="#mixamorig_Hips-Matrix-animation-transform" target="mixamorig_Hips/matrix"/>
    </animation>
    <animation id="mixamorig_Spine-anim" name="mixamorig_Spine">
      <source id="mixamorig_Spine-Matrix-animation-input">
        <float_array id="mixamorig_Spine-Matrix-animation-input-array" count="32">

0.000000 0.033333 0.066667 0.100000 0.133333 0.166667 0.200000 0.233333 0.266667 0.300000 0.333333 0.366667 0.400000 0.433333 0.466667 0.500000
0.533333 0.566667 0.600000 0.633333 0.666667 0.700000 0.733333 0.766667 0.800000 0.833333 0.866667 0.900000 0.933333 0.966667 1.000000 1.033333</float_array>
        <technique_common>
          <accessor source="#mixamorig_Spine-Matrix-animation-input-array" count="32">
            <param name="TIME" type="float"/>
          </accessor>
        </technique_common>
      </source>
      <source id="mixamorig_Spine-Matrix-animation-output-transform">
        <float_array id="mixamorig_Spine-Matrix-animation-output-transform-array" count="512">

0.999732 -0.007837 -0.021781 0.012400 0.007562 0.999891 -0.012671 10.445200 0.021878 0.012503 0.999682 -0.996300 0.000000 0.000000 0.000000 1.000000
0.999989 -0.002127 -0.004234 0.012400 0.002103 0.999982 -0.005593 10.445200 0.004246 0.005584 0.999975 -0.996300 0.000000 0.000000 0.000000 1.000000
0.999902 -0.006853 0.012186 0.012400 0.006827 0.999974 0.002183 10.445200 -0.012200 -0.002100 0.999923 -0.996300 0.000000 0.000000 0.000000 1.000000
0.998514 -0.041252 0.035613 0.012400 0.040860 0.999097 0.011669 10.445200 -0.036063 -0.010196 0.999298 -0.996300 0.000000 0.000000 0.000000 1.000000
0.995839 -0.071903 0.055993 0.012400 0.070685 0.997223 0.023433 10.445200 -0.057523 -0.019377 0.998156 -0.996300 0.000000 0.000000 0.000000 1.000000
0.995134 -0.076541 0.062054 0.012400 0.074613 0.996673 0.032805 10.445200 -0.064358 -0.028015 0.997534 -0.996300 0.000000 0.000000 0.000000 1.000000
0.995624 -0.063780 0.068302 0.012400 0.061629 0.997549 0.033146 10.445200 -0.070249 -0.028792 0.997114 -0.996300 0.000000 0.000000 0.000000 1.000000
0.996559 -0.036997 0.074178 0.012400 0.035216 0.999062 0.025182 10.445200 -0.075040 -0.022483 0.996927 -0.996300 0.000000 0.000000 0.000000 1.000000
0.997077 -0.018065 0.074233 0.012400 0.015647 0.999332 0.033031 10.445200 -0.074780 -0.031773 0.996694 -0.996300 0.000000 0.000000 0.000000 1.000000
0.997426 0.003659 0.071606 0.012400 -0.006193 0.999361 0.035207 10.445200 -0.071431 -0.035559 0.996811 -0.996300 0.000000 0.000000 0.000000 1.000000
0.997161 0.016641 0.073440 0.012400 -0.018928 0.999353 0.030567 10.445200 -0.072884 -0.031870 0.996831 -0.996300 0.000000 0.000000 0.000000 1.000000
0.997739 0.025190 0.062310 0.012400 -0.026768 0.999338 0.024626 10.445200 -0.061648 -0.026238 0.997753 -0.996300 0.000000 0.000000 0.000000 1.000000
0.999232 0.026420 0.028949 0.012400 -0.026958 0.999468 0.018354 10.445200 -0.028449 -0.019121 0.999412 -0.996300 0.000000 0.000000 0.000000 1.000000
0.999655 0.025455 -0.006475 0.012400 -0.025377 0.999607 0.011871 10.445200 0.006775 -0.011703 0.999909 -0.996300 0.000000 0.000000 0.000000 1.000000
0.999131 0.027233 -0.031559 0.012400 -0.027006 0.999607 0.007581 10.445200 0.031753 -0.006722 0.999473 -0.996300 0.000000 0.000000 0.000000 1.000000
0.998020 0.035114 -0.052184 0.012400 -0.034695 0.999358 0.008906 10.445200 0.052463 -0.007078 0.998598 -0.996300 0.000000 0.000000 0.000000 1.000000
0.996496 0.041474 -0.072635 0.012400 -0.040720 0.999101 0.011820 10.445200 0.073060 -0.008821 0.997289 -0.996300 0.000000 0.000000 0.000000 1.000000
0.994880 0.045148 -0.090421 0.012400 -0.044399 0.998961 0.010280 10.445200 0.090791 -0.006213 0.995851 -0.996300 0.000000 0.000000 0.000000 1.000000
0.993363 0.050578 -0.103302 0.012400 -0.049807 0.998708 0.010036 10.445200 0.103676 -0.004824 0.994599 -0.996300 0.000000 0.000000 0.000000 1.000000
0.990130 0.076184 -0.117638 0.012400 -0.074594 0.997054 0.017868 10.445200 0.118653 -0.008916 0.992896 -0.996300 0.000000 0.000000 0.000000 1.000000
0.987536 0.095218 -0.125328 0.012400 -0.092007 0.995270 0.031179 10.445200 0.127704 -0.019260 0.991625 -0.996300 0.000000 0.000000 0.000000 1.000000
0.988487 0.091291 -0.120659 0.012400 -0.086978 0.995385 0.040550 10.445200 0.123804 -0.029588 0.991866 -0.996300 0.000000 0.000000 0.000000 1.000000
0.990589 0.078297 -0.112266 0.012400 -0.074624 0.996541 0.036560 10.445200 0.114740 -0.027839 0.993005 -0.996300 0.000000 0.000000 0.000000 1.000000
0.993340 0.048967 -0.104300 0.012400 -0.046868 0.998648 0.022488 10.445200 0.105260 -0.017450 0.994292 -0.996300 0.000000 0.000000 0.000000 1.000000
0.993556 0.027212 -0.110028 0.012400 -0.024771 0.999417 0.023497 10.445200 0.110603 -0.020620 0.993651 -0.996300 0.000000 0.000000 0.000000 1.000000
0.992193 0.015491 -0.123745 0.012400 -0.012230 0.999559 0.027076 10.445200 0.124109 -0.025351 0.991945 -0.996300 0.000000 0.000000 0.000000 1.000000
0.992894 0.010256 -0.118558 0.012400 -0.006937 0.999573 0.028377 10.445200 0.118799 -0.027353 0.992541 -0.996300 0.000000 0.000000 0.000000 1.000000
0.995827 0.008783 -0.090834 0.012400 -0.006949 0.999766 0.020484 10.445200 0.090992 -0.019767 0.995655 -0.996300 0.000000 0.000000 0.000000 1.000000
0.998003 0.007505 -0.062721 0.012400 -0.006756 0.999904 0.012137 10.445200 0.062806 -0.011689 0.997957 -0.996300 0.000000 0.000000 0.000000 1.000000
0.999022 0.002652 -0.044141 0.012400 -0.002290 0.999963 0.008232 10.445200 0.044161 -0.008123 0.998991 -0.996300 0.000000 0.000000 0.000000 1.000000
0.999500 -0.003077 -0.031461 0.012400 0.003119 0.999994 0.001266 10.445200 0.031457 -0.001364 0.999504 -0.996300 0.000000 0.000000 0.000000 1.000000
0.999732 -0.007837 -0.021781 0.012400 0.007562 0.999891 -0.012671 10.445200 0.021878 0.012503 0.999682 -0.996300 0.000000 0.000000 0.000000 1.000000</float_array>
        <technique_common>
          <accessor source="#mixamorig_Spine-Matrix-animation-output-transform-array" count="32" stride="16">
            <param type="float4x4"/>
          </accessor>
        </technique_common>
      </source>
      <source id="mixamorig_Spine-Interpolations">
        <Name_array id="mixamorig_Spine-Interpolations-array" count="32">
 LINEAR LINEAR LINEAR LINEAR LINEAR LINEAR LINEAR LINEAR LINEAR LINEAR LINEAR
LINEAR LINEAR LINEAR LINEAR LINEAR LINEAR LINEAR LINEAR LINEAR LINEAR LINEAR LINEAR
LINEAR LINEAR LINEAR LINEAR LINEAR LINEAR LINEAR LINEAR LINEAR</Name_array>
        <technique_common>
          <accessor source="#mixamorig_Spine-Interpolations-array" count="32">
            <param type="name"/>
          </accessor>
        </technique_common>
      </source>
      <sampler id="mixamorig_Spine-Matrix-animation-transform">
        <input semantic="INPUT" source="#mixamorig_Spine-Matrix-animation-input"/>
        <input semantic="OUTPUT" source="#mixamorig_Spine-Matrix-animation-output-transform"/>
        <input semantic="INTERPOLATION" source="#mixamorig_Spine-Interpolations"/>
      </sampler>
      <channel source="#mixamorig_Spine-Matrix-animation-transform" target="mixamorig_Spine/matrix"/>
    </animation>
    <animation id="mixamorig_Spine1-anim" name="mixamorig_Spine1">
      <source id="mixamorig_Spine1-Matrix-animation-input">
        <float_array id="mixamorig_Spine1-Matrix-animation-input-array" count="32">

0.000000 0.033333 0.066667 0.100000 0.133333 0.166667 0.200000 0.233333 0.266667 0.300000 0.333333 0.366667 0.400000 0.433333 0.466667 0.500000
0.533333 0.566667 0.600000 0.633333 0.666667 0.700000 0.733333 0.766667 0.800000 0.833333 0.866667 0.900000 0.933333 0.966667 1.000000 1.033333</float_array>
        <technique_common>
          <accessor source="#mixamorig_Spine1-Matrix-animation-input-array" count="32">
            <param name="TIME" type="float"/>
          </accessor>
        </technique_common>
      </source>
      <source id="mixamorig_Spine1-Matrix-animation-output-transform">
        <float_array id="mixamorig_Spine1-Matrix-animation-output-transform-array" count="512">

0.998877 -0.017375 -0.044068 0.000000 0.015458 0.998935 -0.043474 12.174800 0.044776 0.042744 0.998082 0.000000 0.000000 0.000000 0.000000 1.000000
0.999414 -0.008692 -0.033099 -0.000000 0.007402 0.999215 -0.038918 12.174800 0.033412 0.038650 0.998694 0.000000 0.000000 0.000000 0.000000 1.000000
0.999764 0.002653 -0.021554 0.000000 -0.003409 0.999378 -0.035106 12.174800 0.021448 0.035172 0.999151 0.000000 0.000000 0.000000 0.000000 1.000000
0.999771 0.019103 -0.009609 0.000000 -0.019420 0.999231 -0.034051 12.174800 0.008951 0.034230 0.999374 0.000000 0.000000 0.000000 0.000000 1.000000
0.999523 0.030701 0.003452 -0.000000 -0.030561 0.998919 -0.035038 12.174800 -0.004524 0.034916 0.999380 0.000000 0.000000 0.000000 0.000000 1.000000
0.999336 0.031476 0.018357 0.000000 -0.030819 0.998910 -0.035055 12.174800 -0.019440 0.034466 0.999217 -0.000000 0.000000 0.000000 0.000000 1.000000
0.999084 0.027746 0.032589 -0.000000 -0.026588 0.999018 -0.035436 12.174800 -0.033541 0.034537 0.998840 0.000000 0.000000 0.000000 0.000000 1.000000
0.998768 0.025049 0.042832 0.000000 -0.023470 0.999041 -0.036969 12.174800 -0.043717 0.035919 0.998398 0.000000 0.000000 0.000000 0.000000 1.000000
0.998661 0.020701 0.047404 -0.000000 -0.019118 0.999252 -0.033621 12.174800 -0.048065 0.032670 0.998310 0.000000 0.000000 0.000000 0.000000 1.000000
0.998998 0.009526 0.043741 0.000000 -0.008398 0.999629 -0.025898 12.174800 -0.043971 0.025505 0.998707 0.000000 0.000000 0.000000 0.000000 1.000000
0.999347 0.009070 0.034969 -0.000000 -0.008297 0.999719 -0.022190 12.174800 -0.035160 0.021885 0.999142 0.000000 0.000000 0.000000 0.000000 1.000000
0.999562 0.010005 0.027850 -0.000000 -0.009379 0.999702 -0.022530 12.174800 -0.028067 0.022258 0.999358 0.000000 0.000000 0.000000 0.000000 1.000000
0.999796 0.008018 0.018526 -0.000000 -0.007528 0.999624 -0.026370 12.174800 -0.018731 0.026226 0.999481 0.000000 0.000000 0.000000 0.000000 1.000000
0.999977 0.006590 0.001597 0.000000 -0.006537 0.999498 -0.030992 12.174800 -0.001801 0.030981 0.999518 0.000000 0.000000 0.000000 0.000000 1.000000
0.999805 0.006226 -0.018727 0.000000 -0.006846 0.999423 -0.033273 12.174800 0.018509 0.033395 0.999271 -0.000000 0.000000 0.000000 0.000000 1.000000
0.999306 0.001538 -0.037212 -0.000000 -0.002815 0.999408 -0.034288 12.174800 0.037137 0.034368 0.998719 0.000000 0.000000 0.000000 0.000000 1.000000
0.998479 -0.004500 -0.054943 0.000000 0.002548 0.999365 -0.035538 12.174800 0.055068 0.035344 0.997857 0.000000 0.000000 0.000000 0.000000 1.000000
0.997222 -0.011369 -0.073620 -0.000000 0.008711 0.999302 -0.036319 12.174800 0.073981 0.035576 0.996625 0.000000 0.000000 0.000000 0.000000 1.000000
0.995594 -0.021388 -0.091295 -0.000000 0.018005 0.999126 -0.037718 12.174800 0.092022 0.035908 0.995109 0.000000 0.000000 0.000000 0.000000 1.000000
0.993593 -0.036206 -0.107062 0.000000 0.031793 0.998584 -0.042644 12.174800 0.108455 0.038967 0.993337 0.000000 0.000000 0.000000 0.000000 1.000000
0.991398 -0.045717 -0.122635 0.000000 0.040251 0.998098 -0.046684 12.174800 0.124536 0.041346 0.991353 -0.000000 0.000000 0.000000 0.000000 1.000000
0.989758 -0.044237 -0.135732 -0.000000 0.038428 0.998242 -0.045121 12.174800 0.137489 0.039443 0.989718 -0.000000 0.000000 0.000000 0.000000 1.000000
0.988911 -0.041308 -0.142652 -0.000000 0.035303 0.998391 -0.044374 12.174800 0.144255 0.038846 0.988778 0.000000 0.000000 0.000000 0.000000 1.000000
0.988725 -0.040183 -0.144252 0.000000 0.033903 0.998378 -0.045731 12.174800 0.145855 0.040325 0.988484 0.000000 0.000000 0.000000 0.000000 1.000000
0.989519 -0.033930 -0.140357 0.000000 0.028332 0.998729 -0.041696 12.174800 0.141593 0.037283 0.989223 0.000000 0.000000 0.000000 0.000000 1.000000
0.990498 -0.037216 -0.132393 0.000000 0.032035 0.998643 -0.041050 12.174800 0.133742 0.036419 0.990347 0.000000 0.000000 0.000000 0.000000 1.000000
0.991362 -0.037348 -0.125723 -0.000000 0.032550 0.998669 -0.040005 12.174800 0.127050 0.035567 0.991258 -0.000000 0.000000 0.000000 0.000000 1.000000
0.992642 -0.035054 -0.115901 0.000000 0.030515 0.998705 -0.040708 12.174800 0.117178 0.036872 0.992426 0.000000 0.000000 0.000000 0.000000 1.000000
0.994686 -0.032202 -0.097789 0.000000 0.028016 0.998644 -0.043880 12.174800 0.099070 0.040908 0.994239 -0.000000 0.000000 0.000000 0.000000 1.000000
0.996778 -0.027749 -0.075262 0.000000 0.024310 0.998635 -0.046240 12.174800 0.076442 0.044262 0.996091 -0.000000 0.000000 0.000000 0.000000 1.000000
0.998163 -0.022826 -0.056114 0.000000 0.020263 0.998744 -0.045826 12.174800 0.057089 0.044605 0.997372 -0.000000 0.000000 0.000000 0.000000 1.000000
0.998877 -0.017375 -0.044068 0.000000 0.015458 0.998935 -0.043474 12.174800 0.044776 0.042744 0.998082 0.000000 0.000000 0.000000 0.000000 1.000000</float_array>
        <technique_common>
          <accessor source="#mixamorig_Spine1-Matrix-animation-output-transform-array" count="32" stride="16">
            <param type="float4x4"/>
          </accessor>
        </technique_common>
      </source>
      <source id="mixamorig_Spine1-Interpolations">
        <Name_array id="mixamorig_Spine1-Interpolations-array" count="32">
 LINEAR LINEAR LINEAR LINEAR LINEAR LINEAR LINEAR LINEAR LINEAR LINEAR LINEAR
LINEAR LINEAR LINEAR LINEAR LINEAR LINEAR LINEAR LINEAR LINEAR LINEAR LINEAR LINEAR
LINEAR LINEAR LINEAR LINEAR LINEAR LINEAR LINEAR LINEAR LINEAR</Name_array>
        <technique_common>
          <accessor source="#mixamorig_Spine1-Interpolations-array" count="32">
            <param type="name"/>
          </accessor>
        </technique_common>
      </source>
      <sampler id="mixamorig_Spine1-Matrix-animation-transform">
        <input semantic="INPUT" source="#mixamorig_Spine1-Matrix-animation-input"/>
        <input semantic="OUTPUT" source="#mixamorig_Spine1-Matrix-animation-output-transform"/>
        <input semantic="INTERPOLATION" source="#mixamorig_Spine1-Interpolations"/>
      </sampler>
      <channel source="#mixamorig_Spine1-Matrix-animation-transform" target="mixamorig_Spine1/matrix"/>
    </animation>
    <animation id="mixamorig_Spine2-anim" name="mixamorig_Spine2">
      <source id="mixamorig_Spine2-Matrix-animation-input">
        <float_array id="mixamorig_Spine2-Matrix-animation-input-array" count="32">

0.000000 0.033333 0.066667 0.100000 0.133333 0.166667 0.200000 0.233333 0.266667 0.300000 0.333333 0.366667 0.400000 0.433333 0.466667 0.500000
0.533333 0.566667 0.600000 0.633333 0.666667 0.700000 0.733333 0.766667 0.800000 0.833333 0.866667 0.900000 0.933333 0.966667 1.000000 1.033333</float_array>
        <technique_common>
          <accessor source="#mixamorig_Spine2-Matrix-animation-input-array" count="32">
            <param name="TIME" type="float"/>
          </accessor>
        </technique_common>
      </source>
      <source id="mixamorig_Spine2-Matrix-animation-output-transform">
        <float_array id="mixamorig_Spine2-Matrix-animation-output-transform-array" count="512">

0.998867 -0.023401 -0.041444 0.000000 0.017481 0.990300 -0.137843 14.038200 0.044268 0.136962 0.989587 0.000000 0.000000 0.000000 0.000000 1.000000
0.999418 -0.013431 -0.031365 0.000000 0.009128 0.991007 -0.133498 14.038200 0.032876 0.133134 0.990553 0.000000 0.000000 0.000000 0.000000 1.000000
0.999776 -0.000779 -0.021149 -0.000000 -0.001972 0.991548 -0.129727 14.038200 0.021072 0.129740 0.991324 -0.000000 0.000000 0.000000 0.000000 1.000000
0.999792 0.017009 -0.011258 0.000000 -0.018313 0.991568 -0.128291 14.038200 0.008981 0.128470 0.991673 0.000000 0.000000 0.000000 0.000000 1.000000
0.999544 0.030189 0.000256 0.000000 -0.029905 0.991242 -0.128624 14.038200 -0.004137 0.128558 0.991693 0.000000 0.000000 0.000000 0.000000 1.000000
0.999353 0.032757 0.014879 0.000000 -0.030577 0.991234 -0.128530 14.038200 -0.018958 0.127992 0.991594 0.000000 0.000000 0.000000 0.000000 1.000000
0.999094 0.030832 0.029330 -0.000000 -0.026795 0.991247 -0.129275 14.038200 -0.033059 0.128372 0.991175 0.000000 0.000000 0.000000 0.000000 1.000000
0.998769 0.029660 0.039760 0.000000 -0.024219 0.991094 -0.130944 14.038200 -0.043289 0.129820 0.990592 -0.000000 0.000000 0.000000 0.000000 1.000000
0.998654 0.025633 0.045086 0.000000 -0.019687 0.991617 -0.127704 14.038200 -0.047982 0.126644 0.990787 0.000000 0.000000 0.000000 0.000000 1.000000
0.998979 0.013355 0.043159 -0.000000 -0.008059 0.992666 -0.120622 14.038200 -0.044453 0.120151 0.991760 0.000000 0.000000 0.000000 0.000000 1.000000
0.999329 0.011580 0.034734 0.000000 -0.007455 0.993148 -0.116625 14.038200 -0.035847 0.116288 0.992568 0.000000 0.000000 0.000000 0.000000 1.000000
0.999546 0.011925 0.027669 0.000000 -0.008618 0.993130 -0.116697 14.038200 -0.028871 0.116405 0.992782 0.000000 0.000000 0.000000 0.000000 1.000000
0.999783 0.009376 0.018587 0.000000 -0.007066 0.992671 -0.120642 14.038200 -0.019582 0.120484 0.992522 0.000000 0.000000 0.000000 0.000000 1.000000
0.999978 0.006323 0.001806 -0.000000 -0.006046 0.992070 -0.125545 14.038200 -0.002585 0.125531 0.992086 0.000000 0.000000 0.000000 0.000000 1.000000
0.999823 0.003632 -0.018466 -0.000000 -0.005970 0.991738 -0.128138 14.038200 0.017848 0.128226 0.991584 0.000000 0.000000 0.000000 0.000000 1.000000
0.999331 -0.003280 -0.036437 0.000000 -0.001457 0.991615 -0.129219 14.038200 0.036555 0.129185 0.990946 0.000000 0.000000 0.000000 0.000000 1.000000
0.998501 -0.011511 -0.053513 0.000000 0.004448 0.991470 -0.130263 14.038200 0.054556 0.129829 0.990034 0.000000 0.000000 0.000000 0.000000 1.000000
0.997233 -0.020574 -0.071430 -0.000000 0.011091 0.991360 -0.130702 14.038200 0.073502 0.129548 0.988845 -0.000000 0.000000 0.000000 0.000000 1.000000
0.995594 -0.032564 -0.087934 0.000000 0.020817 0.991118 -0.131345 14.038200 0.091430 0.128936 0.987429 0.000000 0.000000 0.000000 0.000000 1.000000
0.993575 -0.049389 -0.101828 0.000000 0.035424 0.990259 -0.134653 14.038200 0.107486 0.130180 0.985647 -0.000000 0.000000 0.000000 0.000000 1.000000
0.991372 -0.060924 -0.116057 0.000000 0.044683 0.989461 -0.137733 14.038200 0.123225 0.131358 0.983647 -0.000000 0.000000 0.000000 0.000000 1.000000
0.989750 -0.060705 -0.129267 0.000000 0.042826 0.989665 -0.136854 14.038200 0.136239 0.129915 0.982121 -0.000000 0.000000 0.000000 0.000000 1.000000
0.988908 -0.058620 -0.136476 0.000000 0.039801 0.989806 -0.136747 14.038200 0.143101 0.129798 0.981160 0.000000 0.000000 0.000000 0.000000 1.000000
0.988693 -0.058089 -0.138245 0.000000 0.038851 0.989670 -0.137998 14.038200 0.144833 0.131067 0.980737 0.000000 0.000000 0.000000 0.000000 1.000000
0.989458 -0.051042 -0.135530 -0.000000 0.032650 0.990360 -0.134617 14.038200 0.141095 0.128773 0.981585 0.000000 0.000000 0.000000 0.000000 1.000000
0.990404 -0.053032 -0.127624 0.000000 0.035903 0.990472 -0.132956 14.038200 0.133458 0.127098 0.982871 -0.000000 0.000000 0.000000 0.000000 1.000000
0.991261 -0.052124 -0.121183 0.000000 0.035949 0.990594 -0.132026 14.038200 0.126925 0.126515 0.983811 -0.000000 0.000000 0.000000 0.000000 1.000000
0.992545 -0.048850 -0.111662 0.000000 0.033744 0.990491 -0.133373 14.038200 0.117115 0.128610 0.984755 -0.000000 0.000000 0.000000 0.000000 1.000000
0.994600 -0.044413 -0.093801 -0.000000 0.031274 0.990054 -0.137167 14.038200 0.098960 0.133493 0.986097 0.000000 0.000000 0.000000 0.000000 1.000000
0.996720 -0.037599 -0.071662 0.000000 0.027258 0.989751 -0.140176 14.038200 0.076198 0.137763 0.987530 0.000000 0.000000 0.000000 0.000000 1.000000
0.998136 -0.030323 -0.052958 0.000000 0.022635 0.989869 -0.140171 14.038200 0.056672 0.138711 0.988710 0.000000 0.000000 0.000000 0.000000 1.000000
0.998867 -0.023401 -0.041444 -0.000000 0.017481 0.990300 -0.137843 14.038200 0.044268 0.136962 0.989587 0.000000 0.000000 0.000000 0.000000 1.000000</float_array>
        <technique_common>
          <accessor source="#mixamorig_Spine2-Matrix-animation-output-transform-array" count="32" stride="16">
            <param type="float4x4"/>
          </accessor>
        </technique_common>
      </source>
      <source id="mixamorig_Spine2-Interpolations">
        <Name_array id="mixamorig_Spine2-Interpolations-array" count="32">
 LINEAR LINEAR LINEAR LINEAR LINEAR LINEAR LINEAR LINEAR LINEAR LINEAR LINEAR
LINEAR LINEAR LINEAR LINEAR LINEAR LINEAR LINEAR LINEAR LINEAR LINEAR LINEAR LINEAR
LINEAR LINEAR LINEAR LINEAR LINEAR LINEAR LINEAR LINEAR LINEAR</Name_array>
        <technique_common>
          <accessor source="#mixamorig_Spine2-Interpolations-array" count="32">
            <param type="name"/>
          </accessor>
        </technique_common>
      </source>
      <sampler id="mixamorig_Spine2-Matrix-animation-transform">
        <input semantic="INPUT" source="#mixamorig_Spine2-Matrix-animation-input"/>
        <input semantic="OUTPUT" source="#mixamorig_Spine2-Matrix-animation-output-transform"/>
        <input semantic="INTERPOLATION" source="#mixamorig_Spine2-Interpolations"/>
      </sampler>
      <channel source="#mixamorig_Spine2-Matrix-animation-transform" target="mixamorig_Spine2/matrix"/>
    </animation>
    <animation id="mixamorig_Neck-anim" name="mixamorig_Neck">
      <source id="mixamorig_Neck-Matrix-animation-input">
        <float_array id="mixamorig_Neck-Matrix-animation-input-array" count="32">

0.000000 0.033333 0.066667 0.100000 0.133333 0.166667 0.200000 0.233333 0.266667 0.300000 0.333333 0.366667 0.400000 0.433333 0.466667 0.500000
0.533333 0.566667 0.600000 0.633333 0.666667 0.700000 0.733333 0.766667 0.800000 0.833333 0.866667 0.900000 0.933333 0.966667 1.000000 1.033333</float_array>
        <technique_common>
          <accessor source="#mixamorig_Neck-Matrix-animation-input-array" count="32">
            <param name="TIME" type="float"/>
          </accessor>
        </technique_common>
      </source>
      <source id="mixamorig_Neck-Matrix-animation-output-transform">
        <float_array id="mixamorig_Neck-Matrix-animation-output-transform-array" count="512">

0.999301 0.004142 0.037153 0.049900 -0.004454 0.999956 0.008316 15.686700 -0.037116 -0.008475 0.999275 -1.491600 0.000000 0.000000 0.000000 1.000000
0.999438 0.006365 0.032913 0.049900 -0.006617 0.999950 0.007551 15.686700 -0.032863 -0.007765 0.999430 -1.491600 0.000000 0.000000 0.000000 1.000000
0.999623 0.004337 0.027098 0.049900 -0.004586 0.999948 0.009156 15.686700 -0.027057 -0.009277 0.999591 -1.491600 0.000000 0.000000 0.000000 1.000000
0.999795 -0.005905 0.019354 0.049900 0.005693 0.999924 0.010969 15.686700 -0.019417 -0.010856 0.999753 -1.491600 0.000000 0.000000 0.000000 1.000000
0.999797 -0.016764 0.011221 0.049900 0.016649 0.999808 0.010325 15.686700 -0.011392 -0.010137 0.999884 -1.491600 0.000000 0.000000 0.000000 1.000000
0.999785 -0.020307 0.004140 0.049900 0.020264 0.999743 0.010132 15.686700 -0.004345 -0.010046 0.999940 -1.491600 0.000000 0.000000 0.000000 1.000000
0.999829 -0.018360 -0.002006 0.049900 0.018384 0.999748 0.012906 15.686700 0.001769 -0.012941 0.999915 -1.491600 0.000000 0.000000 0.000000 1.000000
0.999886 -0.013393 -0.006956 0.049900 0.013491 0.999807 0.014259 15.686700 0.006763 -0.014351 0.999874 -1.491600 0.000000 0.000000 0.000000 1.000000
0.999964 0.001567 -0.008371 0.049900 -0.001501 0.999967 0.007950 15.686700 0.008384 -0.007937 0.999933 -1.491600 0.000000 0.000000 0.000000 1.000000
0.999611 0.027461 -0.004915 0.049900 -0.027446 0.999618 0.003197 15.686700 0.005001 -0.003061 0.999983 -1.491600 0.000000 0.000000 0.000000 1.000000
0.999208 0.039796 -0.000710 0.049900 -0.039794 0.999203 0.003221 15.686700 0.000837 -0.003190 0.999995 -1.491600 0.000000 0.000000 0.000000 1.000000
0.998802 0.048724 0.004591 0.049900 -0.048730 0.998811 0.001124 15.686700 -0.004531 -0.001347 0.999989 -1.491600 0.000000 0.000000 0.000000 1.000000
0.998459 0.054127 0.012274 0.049900 -0.054133 0.998534 0.000137 15.686700 -0.012249 -0.000801 0.999925 -1.491600 0.000000 0.000000 0.000000 1.000000
0.998561 0.049282 0.021154 0.049900 -0.049324 0.998782 0.001481 15.686700 -0.021055 -0.002522 0.999775 -1.491600 0.000000 0.000000 0.000000 1.000000
0.998819 0.038413 0.029761 0.049900 -0.038424 0.999262 -0.000213 15.686700 -0.029748 -0.000931 0.999557 -1.491600 0.000000 0.000000 0.000000 1.000000
0.998815 0.030143 0.038206 0.049900 -0.029933 0.999534 -0.006061 15.686700 -0.038371 0.004911 0.999252 -1.491600 0.000000 0.000000 0.000000 1.000000
0.998633 0.023103 0.046880 0.049900 -0.022591 0.999680 -0.011421 15.686700 -0.047128 0.010346 0.998835 -1.491600 0.000000 0.000000 0.000000 1.000000
0.998264 0.018197 0.056024 0.049900 -0.017542 0.999772 -0.012154 15.686700 -0.056233 0.011150 0.998355 -1.491600 0.000000 0.000000 0.000000 1.000000
0.997663 0.020207 0.065268 0.049900 -0.019618 0.999761 -0.009654 15.686700 -0.065448 0.008351 0.997821 -1.491600 0.000000 0.000000 0.000000 1.000000
0.996765 0.029845 0.074629 0.049900 -0.029416 0.999544 -0.006841 15.686700 -0.074799 0.004623 0.997188 -1.491600 0.000000 0.000000 0.000000 1.000000
0.995765 0.039117 0.083200 0.049900 -0.038842 0.999233 -0.004922 15.686700 -0.083328 0.001669 0.996521 -1.491600 0.000000 0.000000 0.000000 1.000000
0.995090 0.042326 0.089465 0.049900 -0.042380 0.999101 -0.001291 15.686700 -0.089439 -0.002507 0.995989 -1.491600 0.000000 0.000000 0.000000 1.000000
0.994896 0.039709 0.092767 0.049900 -0.040282 0.999179 0.004310 15.686700 -0.092520 -0.008025 0.995679 -1.491600 0.000000 0.000000 0.000000 1.000000
0.995083 0.032214 0.093664 0.049900 -0.033105 0.999420 0.007969 15.686700 -0.093353 -0.011031 0.995572 -1.491600 0.000000 0.000000 0.000000 1.000000
0.995793 0.009143 0.091175 0.049900 -0.009484 0.999950 0.003307 15.686700 -0.091140 -0.004158 0.995829 -1.491600 0.000000 0.000000 0.000000 1.000000
0.996140 -0.002765 0.087730 0.049900 0.002735 0.999996 0.000460 15.686700 -0.087731 -0.000219 0.996144 -1.491600 0.000000 0.000000 0.000000 1.000000
0.996605 -0.014104 0.081115 0.049900 0.014201 0.999899 -0.000622 15.686700 -0.081098 0.001772 0.996705 -1.491600 0.000000 0.000000 0.000000 1.000000
0.997224 -0.023376 0.070695 0.049900 0.023268 0.999726 0.002359 15.686700 -0.070731 -0.000708 0.997495 -1.491600 0.000000 0.000000 0.000000 1.000000
0.997990 -0.023150 0.058997 0.049900 0.022881 0.999724 0.005236 15.686700 -0.059102 -0.003876 0.998244 -1.491600 0.000000 0.000000 0.000000 1.000000
0.998718 -0.014904 0.048378 0.049900 0.014689 0.999881 0.004803 15.686700 -0.048443 -0.004087 0.998818 -1.491600 0.000000 0.000000 0.000000 1.000000
0.999165 -0.004138 0.040648 0.049900 0.003952 0.999981 0.004654 15.686700 -0.040667 -0.004489 0.999163 -1.491600 0.000000 0.000000 0.000000 1.000000
0.999301 0.004142 0.037153 0.049900 -0.004454 0.999956 0.008316 15.686700 -0.037116 -0.008475 0.999275 -1.491600 0.000000 0.000000 0.000000 1.000000</float_array>
        <technique_common>
          <accessor source="#mixamorig_Neck-Matrix-animation-output-transform-array" count="32" stride="16">
            <param type="float4x4"/>
          </accessor>
        </technique_common>
      </source>
      <source id="mixamorig_Neck-Interpolations">
        <Name_array id="mixamorig_Neck-Interpolations-array" count="32">
 LINEAR LINEAR LINEAR LINEAR LINEAR LINEAR LINEAR LINEAR LINEAR LINEAR LINEAR
LINEAR LINEAR LINEAR LINEAR LINEAR LINEAR LINEAR LINEAR LINEAR LINEAR LINEAR LINEAR
LINEAR LINEAR LINEAR LINEAR LINEAR LINEAR LINEAR LINEAR LINEAR</Name_array>
        <technique_common>
          <accessor source="#mixamorig_Neck-Interpolations-array" count="32">
            <param type="name"/>
          </accessor>
        </technique_common>
      </source>
      <sampler id="mixamorig_Neck-Matrix-animation-transform">
        <input semantic="INPUT" source="#mixamorig_Neck-Matrix-animation-input"/>
        <input semantic="OUTPUT" source="#mixamorig_Neck-Matrix-animation-output-transform"/>
        <input semantic="INTERPOLATION" source="#mixamorig_Neck-Interpolations"/>
      </sampler>
      <channel source="#mixamorig_Neck-Matrix-animation-transform" target="mixamorig_Neck/matrix"/>
    </animation>
    <animation id="mixamorig_Head-anim" name="mixamorig_Head">
      <source id="mixamorig_Head-Matrix-animation-input">
        <float_array id="mixamorig_Head-Matrix-animation-input-array" count="32">

0.000000 0.033333 0.066667 0.100000 0.133333 0.166667 0.200000 0.233333 0.266667 0.300000 0.333333 0.366667 0.400000 0.433333 0.466667 0.500000
0.533333 0.566667 0.600000 0.633333 0.666667 0.700000 0.733333 0.766667 0.800000 0.833333 0.866667 0.900000 0.933333 0.966667 1.000000 1.033333</float_array>
        <technique_common>
          <accessor source="#mixamorig_Head-Matrix-animation-input-array" count="32">
            <param name="TIME" type="float"/>
          </accessor>
        </technique_common>
      </source>
      <source id="mixamorig_Head-Matrix-animation-output-transform">
        <float_array id="mixamorig_Head-Matrix-animation-output-transform-array" count="512">

0.996340 0.032647 0.078999 0.000000 -0.037096 0.997768 0.055527 7.013200 -0.077010 -0.058255 0.995327 0.918400 0.000000 0.000000 0.000000 1.000000
0.997790 0.032674 0.057860 0.000000 -0.035549 0.998148 0.049374 7.013200 -0.056139 -0.051322 0.997103 0.918400 0.000000 0.000000 0.000000 1.000000
0.998661 0.032668 0.040123 0.000000 -0.034635 0.998181 0.049343 7.013200 -0.038438 -0.050667 0.997976 0.918400 0.000000 0.000000 0.000000 1.000000
0.998921 0.038288 0.026298 0.000000 -0.039711 0.997646 0.055908 7.013200 -0.024095 -0.056892 0.998090 0.918400 0.000000 0.000000 0.000000 1.000000
0.998903 0.041941 0.020843 0.000000 -0.043277 0.996716 0.068436 7.013200 -0.017904 -0.069263 0.997438 0.918400 0.000000 0.000000 0.000000 1.000000
0.998919 0.042160 0.019596 0.000000 -0.043615 0.995765 0.080926 7.013200 -0.016101 -0.081693 0.996527 0.918400 0.000000 0.000000 0.000000 1.000000
0.999048 0.041890 0.012176 0.000000 -0.042852 0.994640 0.094102 7.013200 -0.008168 -0.094534 0.995488 0.918400 0.000000 0.000000 0.000000 1.000000
0.999399 0.034408 -0.004238 0.000000 -0.033784 0.994043 0.103617 7.013200 0.007778 -0.103411 0.994608 0.918400 0.000000 0.000000 0.000000 1.000000
0.999636 0.015646 -0.021967 0.000000 -0.013536 0.995563 0.093120 7.013200 0.023327 -0.092789 0.995413 0.918400 0.000000 0.000000 0.000000 1.000000
0.999404 -0.010233 -0.032954 0.000000 0.012474 0.997572 0.068516 7.013200 0.032173 -0.068886 0.997106 0.918400 0.000000 0.000000 0.000000 1.000000
0.998749 -0.034349 -0.036337 0.000000 0.036239 0.997954 0.052681 7.013200 0.034453 -0.053932 0.997950 0.918400 0.000000 0.000000 0.000000 1.000000
0.998729 -0.041869 -0.028056 0.000000 0.043394 0.997478 0.056162 7.013200 0.025634 -0.057309 0.998027 0.918400 0.000000 0.000000 0.000000 1.000000
0.999624 -0.027404 -0.000653 -0.000000 0.027382 0.997165 0.070086 7.013200 -0.001269 -0.070078 0.997541 0.918400 0.000000 0.000000 0.000000 1.000000
0.999331 -0.002955 0.036440 0.000000 0.000205 0.997166 0.075234 7.013200 -0.036559 -0.075176 0.996500 0.918400 0.000000 0.000000 0.000000 1.000000
0.997433 0.015534 0.069904 -0.000000 -0.020025 0.997749 0.064005 7.013200 -0.068753 -0.065241 0.995498 0.918400 0.000000 0.000000 0.000000 1.000000
0.995126 0.024515 0.095515 0.000000 -0.028951 0.998552 0.045342 7.013200 -0.094266 -0.047886 0.994395 0.918400 0.000000 0.000000 0.000000 1.000000
0.992379 0.030540 0.119375 -0.000000 -0.034254 0.998987 0.029186 7.013200 -0.118363 -0.033052 0.992420 0.918400 0.000000 0.000000 0.000000 1.000000
0.989005 0.036365 0.143342 0.000000 -0.039846 0.998975 0.021489 7.013200 -0.142414 -0.026964 0.989440 0.918400 0.000000 0.000000 0.000000 1.000000
0.986150 0.038348 0.161363 0.000000 -0.043095 0.998732 0.026018 7.013200 -0.160160 -0.032612 0.986552 0.918400 0.000000 0.000000 0.000000 1.000000
0.984052 0.035415 0.174320 0.000000 -0.043354 0.998179 0.041949 7.013200 -0.172517 -0.048838 0.983795 0.918400 0.000000 0.000000 0.000000 1.000000
0.982535 0.032725 0.183177 0.000000 -0.044146 0.997304 0.058622 7.013200 -0.180765 -0.065684 0.981331 0.918400 0.000000 0.000000 0.000000 1.000000
0.981894 0.032584 0.186609 0.000000 -0.045756 0.996722 0.066717 7.013200 -0.183824 -0.074048 0.980166 0.918400 0.000000 0.000000 0.000000 1.000000
0.981754 0.033322 0.187212 0.000000 -0.047893 0.996118 0.073857 7.013200 -0.184024 -0.081476 0.979539 0.918400 0.000000 0.000000 0.000000 1.000000
0.980591 0.041677 0.191582 -0.000000 -0.059126 0.994515 0.086281 7.013200 -0.186935 -0.095934 0.977677 0.918400 0.000000 0.000000 0.000000 1.000000
0.975705 0.064898 0.209258 0.000000 -0.084746 0.992569 0.087316 7.013200 -0.202036 -0.102929 0.973954 0.918400 0.000000 0.000000 0.000000 1.000000
0.970354 0.083242 0.226899 -0.000000 -0.102369 0.992001 0.073857 7.013200 -0.218936 -0.094894 0.971114 0.918400 0.000000 0.000000 0.000000 1.000000
